1000 
542705617 895078974
73396983 768139269
275799648 774960229
236123990 747592064
533092830 998576238
190757834 436263243
279566622 844530206
331997997 926985515
149311300 489374670
634689708 705849762
336064199 447777965
211007049 404869890
426652103 952111396
288307298 406493071
480272434 489470481
514463945 658328155
136085252 255724404
708598937 734361197
595412358 759750211
78476502 371224767
160783564 555069244
479526885 832783996
285953222 894959723
96676720 680932728
150493750 658976840
700528137 949452101
17051812 270229846
224556945 522162507
53551510 770183707
689951252 846626352
177227606 613281702
101491366 757914410
51055920 399433132
75907104 114101668
115039865 860901473
581787586 910343045
52564306 380427266
267556928 371332651
732552926 961835383
684604549 931634113
171527089 754058711
31044618 365922795
185467265 254290952
117025733 543504010
827682308 996249797
376425381 698795910
24994516 966123223
540578421 981505061
591928289 974281680
595300739 935134050
75964443 842042233
247334626 275390373
438874699 965122324
127808230 699408775
882321570 885863897
230343032 551487564
48562612 319907037
538214472 810711271
12912168 717459635
925923467 994915055
425211474 485105454
141455682 950535065
377061088 498556818
476354989 702554434
159973522 751065699
418582332 582507738
327236112 771158478
817188428 880896946
330046779 697943306
439104503 730426970
259656193 899994712
419132326 761668189
795162343 840673987
280309569 421518531
412441669 697594208
10927479 156783611
506436468 971518269
22050551 826645738
517684049 786942580
626081094 989588086
311625675 734120333
217563529 438633160
532384280 553087928
226489012 239167774
6486131 102029231
94892411 788942891
362957032 869913400
631306338 976168272
700632026 926906258
786084698 805108864
257852264 573833894
505926016 864986460
386120722 572035413
329506064 743942840
296210791 426754800
271344400 673151865
646898095 756087676
610572390 845211353
492896859 515069097
61627295 451933121
12356422 69072680
812412276 932721386
271598284 895290005
145507970 239798979
484099810 561601096
117136345 344575020
4068545 64921042
361811708 459986014
139507138 911244565
203079516 354646176
314597327 847573384
271684780 992690413
587873980 924944082
309212113 873458684
130622599 996767700
124659496 741137137
187400137 931890803
400583229 550084896
447676991 735386603
139969343 384055932
422563800 615175297
324139381 815574388
169283294 213215073
394159884 558881633
15049440 418210172
390862349 497139145
493691209 550232246
173933613 954147118
193913127 452183825
200150905 537227564
410798038 876547873
236893191 749874585
692544112 917344944
309713968 608914706
233716573 831067977
43768988 142928235
533064024 587312871
727446639 897091701
406492480 528068427
358362597 724600407
241956130 288308141
150505473 387168270
43815681 561251331
23786255 202072112
120805516 720109098
203594670 412418968
225677722 659894603
103690447 164667148
597795498 624324359
104870101 631225951
465780667 973553209
548988955 605685259
184870610 611232157
486262953 897854300
622928604 648846184
520962359 610816766
372278939 550703115
819139063 903124640
516525020 693963270
258968519 753985176
24813177 308581894
890260082 967785516
29086482 694175557
217473546 570160859
7022693 187334232
207055605 896173293
251854031 341958735
605891520 808464212
39085002 439578604
233924647 979133168
149247270 838451063
277296037 346276104
128541293 964842347
120639633 162225852
381111307 804391664
256429444 654596557
97511069 418707052
77002110 600136721
500712900 960514619
416782929 585700245
15688485 167194534
391354770 727528177
581785529 815127685
172575662 474116168
305687890 353868542
242425668 750131145
703224551 710357693
210540588 241786963
490353305 616569114
52877626 767377414
109658187 318851464
132485220 557566214
69545435 948683840
235698016 591812323
324034458 347953395
89956269 711736407
280348517 990824288
627358227 970996694
239278298 968042173
81936333 992588279
686201361 928442197
767214395 905748536
36538081 64334242
338827625 677141847
112395039 480464791
98525541 214812618
153766111 833769458
518201285 524086616
360759371 851877812
558129771 976529430
731813269 869472899
361065508 580201820
494929147 762402655
180429114 265613139
476934521 877560127
464760154 697153265
598532984 653789059
304981488 678623748
292642753 727898890
357712923 918984921
249037268 255999068
219333944 561464098
263299292 342881807
6591948 292444864
65888122 995927281
287412519 763940672
476310870 482260718
431550313 718634337
272623544 794516385
19214929 187631820
418906233 606459309
240789851 388633028
537782769 929397831
611587931 917280974
779866854 823041190
202697746 677682506
400445329 853475853
14628822 26905563
30802152 254784860
222151509 682427732
253412346 671282005
454754126 893217519
480869419 952271611
267667742 857672553
566286531 745747104
383934971 713490017
266722266 789010339
340611874 396524080
649492730 700612462
423991877 616340622
391847740 397044074
491302003 537904168
277954686 440744431
88279642 790309371
868254245 912105298
4297580 34850647
592116314 893346107
671206480 863312714
624959326 933190280
306952153 937990748
204999811 901211421
133130835 206247363
481064544 686816359
478474474 673331752
164093252 833297512
6632580 749051704
115739207 677383897
162028095 223851456
477806465 593700528
697839446 895189173
328152638 657530874
501510037 590977522
44944425 490001651
66668425 274420846
206498918 484826439
181031257 794782460
269451648 352010546
5707809 131552655
236257105 912817578
56220971 150872507
521608639 884181697
42153254 276929528
371625912 427034278
775443333 855682140
261921558 669629437
919935338 952947808
249590072 973001985
664199951 839421762
68167102 889368123
398654761 804155684
252921606 605068828
4198267 106446614
352834374 702733441
681343545 936661924
539325762 600901019
219589484 406486270
802402199 909179144
358797118 704603357
174711873 852252482
280035801 671232757
140417323 948932639
652874855 908229215
736261155 900802632
272851328 526565794
353304250 699243351
870361867 997237667
742314161 948768435
239427268 833524377
101503047 974491125
505104971 916940352
670796202 869543222
44500790 183421189
61899232 352461960
219316521 714217357
42898921 896811329
32902388 162785327
336449258 763832528
364482351 974644497
275762684 730497523
657291039 855687253
710054261 820026882
210285207 988962922
617448385 825385225
918262767 946186833
327822818 782300942
468837080 987986853
192789112 227445183
53007741 823457035
59829281 498935948
324348584 352365099
590477580 657820045
238222707 346657159
106485063 894259273
520942636 859823040
260008667 657602247
813880763 954024541
737769350 978338365
164209926 445576358
6149532 739769234
599152185 781706388
622228195 685876861
8624758 998049126
227360462 863767438
553555773 854731982
465057610 894904286
2005133 295459611
413582134 531206352
482810934 914868832
94629138 720895538
413946383 632768845
43499921 721610888
553526715 895108338
626944375 657759229
289015076 409507159
189202856 475495977
395235139 667494203
702403400 936734582
45613660 345922720
55696515 517704362
197457199 212797499
175502380 980558076
91815501 839301718
58025435 353754413
335134485 341840822
98550537 261911084
166908440 953543273
171791887 688443904
526731523 707167205
202331329 923837139
282057365 619698071
146758307 245631531
58707426 889949902
66347467 502098778
587198417 816672057
78214199 404101097
460013550 688730046
686345919 869866116
46637450 968343850
138733600 801954830
651643865 834800897
83663727 935278626
222521127 631842640
521346863 695089765
239525919 821121953
92057516 824779783
214071284 555081442
237735635 582910099
130454993 184326003
156358898 209267147
130300260 921826402
288352591 309341068
488059880 785005150
118256722 555778065
663428419 845927492
104138527 850450628
323757977 728252924
208742581 956618115
330087376 568515121
350395392 530990270
475566123 936219820
262093332 669438428
197161345 900662467
700596882 885428480
88914850 324332985
365265803 527226974
284196556 783689916
524885657 822555891
38100457 488833289
170561855 307428530
58225806 941727409
26444209 122671661
373481713 483291737
613095151 860503050
31140344 636163902
199985624 778798926
817697934 847246737
291755237 365218945
8653314 79883631
936833229 977554652
278199504 631885561
200624151 505527492
692195331 711693556
81728436 213145023
90243364 252451707
251413811 360288064
675718816 945227966
398937237 685184753
136221973 410573763
751494209 802042118
721681193 862804398
680416872 768494797
195707792 349073910
533032463 994111865
214410556 660253973
113378115 893356068
166982810 679183884
775947081 829699357
574997341 767249455
500986571 882258087
104090021 431182047
318237938 640679626
497974881 925217059
247646553 822336522
819074862 885801423
289397095 474148332
60554294 351014805
230059793 509707077
94080821 373057336
524343218 801874642
20146513 542048053
237945536 645619825
268916933 462528403
389043326 885364679
39587670 446799987
214542145 812602432
365601850 842907579
21594661 130362525
66626135 366896270
225436524 532815396
780687056 893656769
427777818 582099186
524244157 887079213
23832858 225273730
122147513 330457798
273533490 284224780
200956901 393273169
238114404 382212911
168822973 545025334
184858974 400870317
158765828 357951392
699814 19180723
540201257 605086112
449272840 566820164
332044899 966485438
646075147 834398858
214952864 266721725
140992443 268246593
288875568 367103146
119719103 850959903
291838406 379057881
368134058 620293720
324829898 328939392
114545171 374425673
329357100 907093184
341900939 568410712
186468952 934138633
103756338 154507226
46420158 536306198
930567381 934386779
881844031 909401581
225148729 499424062
15739222 540054827
402539636 720425625
251454509 482933759
573346894 999196146
207211361 527271900
343144513 924722162
89044354 853870337
193765052 684937891
822831704 981782593
792266289 843354770
728489457 995161808
104043585 872357766
77104459 533094571
225061957 817430004
177248919 447621131
150510731 401859352
144455519 342203780
285527644 461701278
239426200 932643178
157153920 610640943
534813646 775700298
321705225 919665266
101844756 137437981
587317373 684585011
313813924 647019328
378985443 915112226
205634105 737945836
77304949 308946264
61658771 852198240
250343673 903521452
37552633 446296849
455571222 494943561
284510254 900302130
643037862 788614352
803005594 833392481
100196555 427799159
168792281 459090701
888699020 900931747
675208305 698986086
441303135 948790199
232254002 412384854
339665168 697985050
748264032 820300679
137600551 251639500
173229417 757801253
268756894 316594517
22772400 581996652
802732462 939467131
178729865 694344510
520122780 630720422
286312646 713110898
524658666 905899310
298757485 789328613
652034 438114371
94714492 359366244
434400007 807392799
19084479 880822803
586074908 980347005
208612022 654673532
177303982 214927169
525176344 762511957
261127008 729501265
769285623 794404134
32828559 238462065
539444781 962188223
266927533 325101816
9273243 448093500
361338935 408222317
264699374 937528098
663841041 923653350
719195546 792905805
247380209 405490404
41505512 138339754
85512044 642121852
504350943 864115773
500838889 691309324
400764163 781051272
483001268 532564101
15489266 844176399
214733650 717035708
754208793 808101935
98794688 353912744
30889447 227814960
62497529 409704695
604682577 699404756
316762393 542627547
85181643 464697713
279100393 771689064
89952617 246743645
4863902 764804963
650572184 737564079
479181122 663060229
55059248 906652012
1069862 962394645
213603588 227493998
49369276 388532444
247189396 838705617
503862272 708438505
88376861 758714877
60452 734583883
125966375 434481147
34940635 806833059
387079237 917472993
302808656 904481612
169669958 382875033
630920549 963414973
434815629 923819649
642423040 700568832
655701600 807694651
448966472 655127471
367632380 824899857
213535423 816253557
850233366 880147461
494053926 504903471
862308839 990496271
166192795 807015743
64622999 231460724
101618933 820016250
294093743 941215113
93702944 238701145
240695584 500597431
507197497 997750778
571885715 669254826
40968879 986902667
69297927 552622441
180955473 229057741
131877856 867000810
315615548 834694423
838570857 916632899
203670176 727462438
158417848 234804608
181163979 815976798
417545398 468658090
307348543 725171623
614789724 738634735
772912648 887381822
252849932 424922308
44912607 333784422
405789692 553469835
196671939 628939176
242876601 998333170
614043331 685042090
226091738 592900913
740141543 812085317
661456403 986636806
24994850 594621955
305568895 769865825
685973866 996614593
720452378 864199166
118978189 655860851
167002956 368803529
338350422 794482455
738730369 971773348
323622921 734664647
156356289 508332555
538930883 926996684
854981133 889433353
194027281 776010785
547898884 720785649
408526386 915867941
107233772 430648961
360491847 385376174
504742160 601523692
121166050 928047033
66812266 705343450
392357728 482598026
90154156 102188980
51954639 747432993
103022888 253507152
294614042 851600683
528416622 787052135
159715692 540230014
653093170 712283596
29006819 984260135
52260610 788336992
67240918 571173872
601567288 731059486
554081991 738338491
759862671 897315695
128151669 405755112
864261950 985822663
19659981 332213445
218919962 809668830
395871451 966559048
3118109 189639107
231127029 823752646
732531188 873564944
478921099 738919606
313472330 745600871
282445866 392065988
90281928 810725355
616000513 815241655
102618148 985408314
249882245 658892482
965596199 987076748
213483837 869980403
125474538 764583001
377658354 611011866
281036402 420279660
7954567 919039056
146094287 876675528
809731414 871464466
510409876 767498652
173781910 325705242
128219245 974954466
47674045 757936361
182142891 620855710
133067324 589667665
511553056 755509462
312983396 392208439
346564616 438104673
723103940 979554312
520572133 732531851
43579080 205870549
837777784 874916843
213484515 727368172
337002597 657257372
375171139 681600689
70754546 507009731
414470397 642884483
140679577 907309029
263379948 849961928
246053685 878799650
545605174 992614473
359859153 718708817
288184714 792662582
112210109 542471727
616561821 732641673
10987744 969921084
772100640 956161535
307415520 337463499
325581952 652939368
394613418 576303112
300525594 611290742
792513 165757988
305681722 508514518
475283838 634580831
88850966 809595717
102570007 733990910
52310045 409337471
15468670 390453937
462207757 469701991
463034908 591901562
299543395 866447044
82591897 690305931
112511833 964698829
428896411 779830124
796222133 912938903
53142092 848025551
123489487 172457394
447286908 649862061
376613469 600347044
16840040 322665259
641344574 717740315
320359618 659842266
53558710 304063234
473288124 833416842
59183062 201050287
504816228 633636500
599087372 710864985
620803121 933665802
224309051 811896895
176032095 605055704
330217559 640950674
307718208 799233078
28421320 711657913
284485938 469670886
300123305 696508349
577370873 835501868
313978575 739234378
210951282 977352156
495769082 513460759
826868906 881942889
626630357 674606753
886876069 951154754
138778850 232042665
344663502 923694153
273603925 694046776
187582139 225046279
10084367 804320600
259269245 903004838
237314469 698154598
753313408 867153172
480183368 961343659
311767836 598872060
370410272 443043122
307685263 417675573
516007205 946230176
460664606 807819955
278853912 857543218
558533707 710561419
658935915 704798747
221393313 697027620
721271888 727351065
542074620 827263543
59395459 720955141
321682988 912253517
429767644 628156896
537685480 699603731
496249589 841148870
129247471 501038637
495018851 576315829
532457030 842820547
500626832 742795292
291942041 509745920
49767648 350473631
597622179 860067460
445000419 846149447
604091576 916446866
430954892 722400444
409588932 986290375
168244909 347172440
826538771 907354146
223561727 227451823
478337486 747196115
310203283 880630311
257319592 655106180
486327744 857178759
500593874 762743204
466458643 937088346
694871249 922301067
723273811 810076989
617790706 833381751
9612020 42411247
95408996 816992445
211586738 694933175
204022869 865401621
450537801 673541678
505618458 913803259
77591121 85218449
391087139 679623577
244191337 651398819
42137067 259331559
494698710 849574720
607454141 692120356
748352447 822748278
535721303 977288321
346429440 651900283
512795488 599443754
422415652 519114173
907253023 947807425
505864651 887728498
547636628 856854503
119668843 572684835
737752535 946017425
20699806 890286905
140263624 798479061
346936533 520866940
213197076 893292369
420862998 498799514
731084470 787154132
280189175 650453823
209890331 295664248
141715720 506253395
687998695 780219827
119317949 275187419
36999359 965552228
590758894 776783068
793943311 929179196
246061296 281542186
557113017 956891116
2773787 372384372
215892668 561500761
122538940 918142764
859863391 885026929
576226614 589778478
358066915 859566289
493021174 671482846
47626181 593578273
754639820 933644721
540156198 972744765
111900708 662078015
380743630 947224250
821436012 907645833
109161362 535571948
230359371 774369353
149015797 407104540
129777400 226285668
105946530 548098741
253892633 970631686
751136884 842715130
61666535 960682335
392987950 446440733
665823308 809908149
542419403 769291936
271289788 796213376
71754195 328811489
230577322 910142954
78129967 995559097
199622327 224395365
81048291 593244917
231865616 645431955
356603458 740952255
284408892 336548781
353743323 533025263
99957717 436768718
109277754 603898281
487294084 824098673
137312831 487771967
54668204 341884541
357383697 936397441
550686374 974482711
787346722 856682374
991325199 999070024
596920078 608456904
252923200 712225744
261432464 603741655
721836789 759377330
135230814 227814752
764982603 855682591
38178788 865915163
302455426 426064696
217285364 928569286
167357373 668044882
188171557 430709962
232956987 373023924
21141097 531726183
402918914 493044230
383450658 622631148
245097977 838113549
535157962 991575212
5750995 259161121
307737242 955974600
112478580 342672038
138523919 190162715
265339746 935983476
799551932 819571589
285535047 451720488
313126615 389542715
20480930 954302238
563690935 622621375
38980827 808508780
795393619 924146348
205209860 702947662
967791459 983701534
262685373 359830705
70415916 905198059
126026317 379332305
492331414 720280903
269551909 592626260
639793301 723898045
241464643 477729760
1161587 442551543
89755 73895779
168917897 304912139
25705317 787194227
602894073 749647992
222557307 832347040
154751973 522819547
326943091 459835540
646091667 711757840
45220444 300153039
521974060 577507611
711855055 913009739
261756937 955322801
464273930 532922886
562869225 975616346
313489287 956017000
122604306 211578863
407131817 559050822
344824227 517234378
738537680 928505422
15133152 317646127
154722421 302099636
547190964 603251467
383925138 789220805
173805743 684734316
777347793 825000540
662004114 829786560
15800454 461698201
244920781 860723342
762966695 792816228
407641031 558896905
260471918 575280797
51763249 993128967
27953058 750512974
195371597 456171640
307270877 570212241
35343303 410674630
123662425 229735854
643448703 949887027
368484516 850432383
192803815 785217352
236762126 633593879
52465669 717074973
188944610 640214143
573346101 955215687
86538479 380988658
112197417 408290628
425977772 673219556
90638241 870331027
244941622 369900331
575266676 819640254
85796031 420291134
539133453 930632932
124902881 240548788
552581379 929843633
83056584 962055861
93520769 859617105
94284025 912821100
349708301 511096088
194147886 458681003
219233996 691483513
143241840 718555320
467454322 714522795
310080025 899361922
19944424 875878408
243589520 782999909
290323816 599003151
