100 
98565063 823400027
533832209 834040212
243244192 395782996
503599138 565126371
105320217 497725453
517620690 824538160
284935604 901971900
502842855 725619569
296134945 968118255
573194673 635859936
334668689 779167605
568667485 626857103
29377345 124828432
191986606 805600110
247790001 797492161
68064162 192511666
525120627 845987465
59033418 261691895
249288658 543541962
24692310 560447625
19172055 705404986
155595466 235700705
195883547 963098403
790804244 856991582
477608901 811525558
533050368 777495339
485101879 855838730
150642554 909957532
162427366 698839542
239234655 657467817
551549682 641544876
560325479 690423336
896931749 932233447
572137118 665280321
165115813 165758579
403840203 456130520
431775649 790646326
817570271 961138058
212784621 829615234
294715158 698236068
130363515 814701363
23858662 838122519
287618802 994825982
212317027 752939248
785899644 991355973
444758458 886437891
519078929 623806076
312922386 557821567
609327431 828273749
54733044 96985872
189135878 219697972
254100426 692894209
269947085 672712023
696125893 961321724
416983646 880768272
100110115 247495840
656125331 789658024
109891868 936152025
100339187 444858203
530660155 966988477
692992451 709077429
706246814 778827392
489521103 914214365
214068128 800609392
360461098 770569256
80465430 675435501
771607531 998312108
569515900 842338644
347533677 711067770
118046151 992383971
459189646 935813970
196913439 276469811
86943455 412436259
501073474 623914164
442020456 983609397
373778662 509483094
764381635 919574574
370086040 981724794
529935629 661213686
291494107 919531041
13179658 598728201
711666587 993818551
392336083 703655821
677477888 681540696
269865484 850066239
410172299 608702489
484396337 768927899
274199135 648259513
193721073 977557791
200804863 356848145
740388255 872829383
738115301 943966143
777130983 949349084
699289226 769601119
83312002 635132264
182168153 431345914
256269973 269439240
838783970 909817349
65382400 901286154
268930731 848055313
