100
98565063 823400027 7567
533832209 834040212 4487
243244192 395782996 4565
503599138 565126371 6827
105320217 497725453 6211
517620690 824538160 2809
284935604 901971900 3684
502842855 725619569 6868
296134945 968118255 9579
573194673 635859936 169
334668689 779167605 6056
568667485 626857103 4683
29377345 124828432 2714
191986606 805600110 9646
247790001 797492161 1940
68064162 192511666 3908
525120627 845987465 2816
59033418 261691895 2649
249288658 543541962 1621
24692310 560447625 5676
19172055 705404986 7980
155595466 235700705 1980
195883547 963098403 1834
790804244 856991582 3156
477608901 811525558 2133
533050368 777495339 5924
485101879 855838730 2037
150642554 909957532 702
162427366 698839542 9566
239234655 657467817 8754
551549682 641544876 5469
560325479 690423336 1987
896931749 932233447 9001
572137118 665280321 3874
165115813 165758579 3449
403840203 456130520 6877
431775649 790646326 5437
817570271 961138058 8917
212784621 829615234 2527
294715158 698236068 3225
130363515 814701363 401
23858662 838122519 6284
287618802 994825982 4035
212317027 752939248 7037
785899644 991355973 8336
444758458 886437891 4997
519078929 623806076 4912
312922386 557821567 7538
609327431 828273749 7859
54733044 96985872 7142
189135878 219697972 3834
254100426 692894209 444
269947085 672712023 8138
696125893 961321724 9068
416983646 880768272 6450
100110115 247495840 5895
656125331 789658024 5341
109891868 936152025 5016
100339187 444858203 9308
530660155 966988477 5181
692992451 709077429 5403
706246814 778827392 9888
489521103 914214365 6268
214068128 800609392 8172
360461098 770569256 8336
80465430 675435501 5742
771607531 998312108 8664
569515900 842338644 8818
347533677 711067770 3175
118046151 992383971 8373
459189646 935813970 6707
196913439 276469811 3945
86943455 412436259 7856
501073474 623914164 357
442020456 983609397 7113
373778662 509483094 1879
764381635 919574574 1697
370086040 981724794 9885
529935629 661213686 8021
291494107 919531041 7935
13179658 598728201 8992
711666587 993818551 7886
392336083 703655821 4918
677477888 681540696 8845
269865484 850066239 4807
410172299 608702489 3963
484396337 768927899 4945
274199135 648259513 96
193721073 977557791 1148
200804863 356848145 5774
740388255 872829383 5661
738115301 943966143 632
777130983 949349084 9223
699289226 769601119 3079
83312002 635132264 467
182168153 431345914 3155
256269973 269439240 6009
838783970 909817349 1674
65382400 901286154 2397
268930731 848055313 2712
