1000
542705617 895078974 6863
73396983 768139269 2447
275799648 774960229 1809
236123990 747592064 3378
533092830 998576238 2601
190757834 436263243 7607
279566622 844530206 4726
331997997 926985515 9944
149311300 489374670 9212
634689708 705849762 3378
336064199 447777965 3455
211007049 404869890 3010
426652103 952111396 6724
288307298 406493071 8255
480272434 489470481 369
514463945 658328155 8788
136085252 255724404 5404
708598937 734361197 8255
595412358 759750211 7986
78476502 371224767 6477
160783564 555069244 9456
479526885 832783996 6492
285953222 894959723 6470
96676720 680932728 7949
150493750 658976840 6102
700528137 949452101 4787
17051812 270229846 9687
224556945 522162507 2274
53551510 770183707 2295
689951252 846626352 604
177227606 613281702 4607
101491366 757914410 6464
51055920 399433132 5816
75907104 114101668 8720
115039865 860901473 488
581787586 910343045 7714
52564306 380427266 583
267556928 371332651 464
732552926 961835383 5349
684604549 931634113 4259
171527089 754058711 4892
31044618 365922795 3299
185467265 254290952 9784
117025733 543504010 4261
827682308 996249797 2084
376425381 698795910 7846
24994516 966123223 9559
540578421 981505061 2540
591928289 974281680 9935
595300739 935134050 6143
75964443 842042233 3064
247334626 275390373 5558
438874699 965122324 4676
127808230 699408775 1459
882321570 885863897 8433
230343032 551487564 4384
48562612 319907037 6744
538214472 810711271 7035
12912168 717459635 9709
925923467 994915055 5528
425211474 485105454 848
141455682 950535065 2507
377061088 498556818 2481
476354989 702554434 4884
159973522 751065699 1189
418582332 582507738 8519
327236112 771158478 7179
817188428 880896946 1807
330046779 697943306 9917
439104503 730426970 8467
259656193 899994712 6738
419132326 761668189 6598
795162343 840673987 6908
280309569 421518531 6075
412441669 697594208 2513
10927479 156783611 5015
506436468 971518269 4409
22050551 826645738 9834
517684049 786942580 3861
626081094 989588086 9014
311625675 734120333 7560
217563529 438633160 7031
532384280 553087928 4810
226489012 239167774 1751
6486131 102029231 8284
94892411 788942891 1411
362957032 869913400 8048
631306338 976168272 5172
700632026 926906258 4085
786084698 805108864 1864
257852264 573833894 2936
505926016 864986460 3942
386120722 572035413 8386
329506064 743942840 3387
296210791 426754800 4370
271344400 673151865 5787
646898095 756087676 9658
610572390 845211353 8401
492896859 515069097 2664
61627295 451933121 2765
12356422 69072680 2921
812412276 932721386 6570
271598284 895290005 8900
145507970 239798979 3600
484099810 561601096 9687
117136345 344575020 4781
4068545 64921042 5519
361811708 459986014 6596
139507138 911244565 185
203079516 354646176 2679
314597327 847573384 8778
271684780 992690413 3796
587873980 924944082 3630
309212113 873458684 7750
130622599 996767700 9026
124659496 741137137 7594
187400137 931890803 548
400583229 550084896 223
447676991 735386603 4401
139969343 384055932 1538
422563800 615175297 9958
324139381 815574388 4552
169283294 213215073 7625
394159884 558881633 9247
15049440 418210172 9042
390862349 497139145 4067
493691209 550232246 1746
173933613 954147118 7396
193913127 452183825 3550
200150905 537227564 5997
410798038 876547873 3321
236893191 749874585 6756
692544112 917344944 9056
309713968 608914706 5391
233716573 831067977 7727
43768988 142928235 2548
533064024 587312871 1996
727446639 897091701 4169
406492480 528068427 9683
358362597 724600407 8113
241956130 288308141 19
150505473 387168270 1100
43815681 561251331 2767
23786255 202072112 4348
120805516 720109098 4060
203594670 412418968 8997
225677722 659894603 2167
103690447 164667148 3201
597795498 624324359 1638
104870101 631225951 5377
465780667 973553209 9657
548988955 605685259 4063
184870610 611232157 809
486262953 897854300 1260
622928604 648846184 238
520962359 610816766 61
372278939 550703115 2052
819139063 903124640 762
516525020 693963270 5278
258968519 753985176 9035
24813177 308581894 8149
890260082 967785516 8426
29086482 694175557 3167
217473546 570160859 1753
7022693 187334232 8955
207055605 896173293 1357
251854031 341958735 5725
605891520 808464212 5600
39085002 439578604 7226
233924647 979133168 8696
149247270 838451063 1323
277296037 346276104 7025
128541293 964842347 7534
120639633 162225852 999
381111307 804391664 5018
256429444 654596557 1234
97511069 418707052 6082
77002110 600136721 6698
500712900 960514619 4886
416782929 585700245 6914
15688485 167194534 7521
391354770 727528177 699
581785529 815127685 7880
172575662 474116168 5389
305687890 353868542 782
242425668 750131145 4221
703224551 710357693 4890
210540588 241786963 346
490353305 616569114 7228
52877626 767377414 4291
109658187 318851464 7188
132485220 557566214 7988
69545435 948683840 3366
235698016 591812323 9007
324034458 347953395 2256
89956269 711736407 6330
280348517 990824288 5846
627358227 970996694 478
239278298 968042173 384
81936333 992588279 1182
686201361 928442197 4382
767214395 905748536 6034
36538081 64334242 464
338827625 677141847 630
112395039 480464791 9931
98525541 214812618 2567
153766111 833769458 2901
518201285 524086616 6027
360759371 851877812 1076
558129771 976529430 5515
731813269 869472899 6559
361065508 580201820 9020
494929147 762402655 3267
180429114 265613139 1127
476934521 877560127 5252
464760154 697153265 3286
598532984 653789059 5007
304981488 678623748 3876
292642753 727898890 3895
357712923 918984921 2593
249037268 255999068 7364
219333944 561464098 1500
263299292 342881807 6494
6591948 292444864 896
65888122 995927281 5180
287412519 763940672 5195
476310870 482260718 1253
431550313 718634337 3553
272623544 794516385 455
19214929 187631820 8948
418906233 606459309 1554
240789851 388633028 2783
537782769 929397831 4518
611587931 917280974 8606
779866854 823041190 6768
202697746 677682506 5707
400445329 853475853 276
14628822 26905563 5813
30802152 254784860 9431
222151509 682427732 4131
253412346 671282005 6725
454754126 893217519 6117
480869419 952271611 8083
267667742 857672553 1113
566286531 745747104 2779
383934971 713490017 6619
266722266 789010339 1358
340611874 396524080 5293
649492730 700612462 3015
423991877 616340622 6511
391847740 397044074 5020
491302003 537904168 1479
277954686 440744431 1677
88279642 790309371 8058
868254245 912105298 2021
4297580 34850647 8047
592116314 893346107 978
671206480 863312714 1995
624959326 933190280 153
306952153 937990748 2059
204999811 901211421 5846
133130835 206247363 1521
481064544 686816359 8503
478474474 673331752 5429
164093252 833297512 5666
6632580 749051704 6961
115739207 677383897 7777
162028095 223851456 1344
477806465 593700528 547
697839446 895189173 4921
328152638 657530874 1241
501510037 590977522 1463
44944425 490001651 9903
66668425 274420846 2963
206498918 484826439 5705
181031257 794782460 5203
269451648 352010546 3230
5707809 131552655 4437
236257105 912817578 2010
56220971 150872507 9661
521608639 884181697 9041
42153254 276929528 3656
371625912 427034278 1044
775443333 855682140 18
261921558 669629437 3092
919935338 952947808 5199
249590072 973001985 5224
664199951 839421762 2095
68167102 889368123 4933
398654761 804155684 7798
252921606 605068828 148
4198267 106446614 1090
352834374 702733441 4949
681343545 936661924 2252
539325762 600901019 7096
219589484 406486270 851
802402199 909179144 6566
358797118 704603357 7714
174711873 852252482 2097
280035801 671232757 6870
140417323 948932639 976
652874855 908229215 221
736261155 900802632 4161
272851328 526565794 3959
353304250 699243351 5709
870361867 997237667 7147
742314161 948768435 3022
239427268 833524377 4736
101503047 974491125 2231
505104971 916940352 5570
670796202 869543222 3800
44500790 183421189 1945
61899232 352461960 3244
219316521 714217357 97
42898921 896811329 7379
32902388 162785327 1312
336449258 763832528 1652
364482351 974644497 7455
275762684 730497523 4982
657291039 855687253 4968
710054261 820026882 3150
210285207 988962922 2171
617448385 825385225 8241
918262767 946186833 5489
327822818 782300942 2066
468837080 987986853 8623
192789112 227445183 7088
53007741 823457035 3879
59829281 498935948 7951
324348584 352365099 6175
590477580 657820045 7575
238222707 346657159 8800
106485063 894259273 3275
520942636 859823040 9008
260008667 657602247 6863
813880763 954024541 3595
737769350 978338365 882
164209926 445576358 7590
6149532 739769234 9253
599152185 781706388 6554
622228195 685876861 1770
8624758 998049126 2861
227360462 863767438 7138
553555773 854731982 6016
465057610 894904286 3295
2005133 295459611 6521
413582134 531206352 829
482810934 914868832 2198
94629138 720895538 8722
413946383 632768845 1396
43499921 721610888 2612
553526715 895108338 8584
626944375 657759229 5580
289015076 409507159 1731
189202856 475495977 4727
395235139 667494203 2873
702403400 936734582 8686
45613660 345922720 5825
55696515 517704362 1911
197457199 212797499 577
175502380 980558076 4180
91815501 839301718 9366
58025435 353754413 1966
335134485 341840822 1596
98550537 261911084 843
166908440 953543273 2786
171791887 688443904 9678
526731523 707167205 8864
202331329 923837139 7172
282057365 619698071 9378
146758307 245631531 4436
58707426 889949902 2780
66347467 502098778 8554
587198417 816672057 8615
78214199 404101097 6796
460013550 688730046 4220
686345919 869866116 1964
46637450 968343850 4657
138733600 801954830 5228
651643865 834800897 84
83663727 935278626 3138
222521127 631842640 1265
521346863 695089765 8026
239525919 821121953 6590
92057516 824779783 9541
214071284 555081442 1607
237735635 582910099 9751
130454993 184326003 1203
156358898 209267147 490
130300260 921826402 6488
288352591 309341068 9985
488059880 785005150 8801
118256722 555778065 7034
663428419 845927492 801
104138527 850450628 6800
323757977 728252924 7884
208742581 956618115 4881
330087376 568515121 177
350395392 530990270 186
475566123 936219820 2283
262093332 669438428 1639
197161345 900662467 2741
700596882 885428480 5894
88914850 324332985 9237
365265803 527226974 6384
284196556 783689916 6544
524885657 822555891 8365
38100457 488833289 6685
170561855 307428530 8260
58225806 941727409 4238
26444209 122671661 9901
373481713 483291737 1891
613095151 860503050 5794
31140344 636163902 2995
199985624 778798926 4901
817697934 847246737 9722
291755237 365218945 2235
8653314 79883631 5187
936833229 977554652 6675
278199504 631885561 7686
200624151 505527492 8728
692195331 711693556 4177
81728436 213145023 3440
90243364 252451707 4494
251413811 360288064 98
675718816 945227966 1922
398937237 685184753 4471
136221973 410573763 7515
751494209 802042118 3385
721681193 862804398 7136
680416872 768494797 1238
195707792 349073910 2527
533032463 994111865 6262
214410556 660253973 568
113378115 893356068 8441
166982810 679183884 7089
775947081 829699357 9894
574997341 767249455 996
500986571 882258087 7281
104090021 431182047 9181
318237938 640679626 1887
497974881 925217059 1478
247646553 822336522 8672
819074862 885801423 5078
289397095 474148332 7630
60554294 351014805 9867
230059793 509707077 3488
94080821 373057336 131
524343218 801874642 1641
20146513 542048053 8194
237945536 645619825 3528
268916933 462528403 7880
389043326 885364679 3092
39587670 446799987 6585
214542145 812602432 5936
365601850 842907579 2022
21594661 130362525 2313
66626135 366896270 4352
225436524 532815396 6435
780687056 893656769 8211
427777818 582099186 2452
524244157 887079213 2066
23832858 225273730 3691
122147513 330457798 255
273533490 284224780 7586
200956901 393273169 2787
238114404 382212911 2820
168822973 545025334 1698
184858974 400870317 4353
158765828 357951392 4006
699814 19180723 3151
540201257 605086112 9221
449272840 566820164 1285
332044899 966485438 2833
646075147 834398858 8545
214952864 266721725 5619
140992443 268246593 7553
288875568 367103146 93
119719103 850959903 2533
291838406 379057881 4764
368134058 620293720 5027
324829898 328939392 5144
114545171 374425673 5905
329357100 907093184 9672
341900939 568410712 5143
186468952 934138633 8565
103756338 154507226 800
46420158 536306198 362
930567381 934386779 902
881844031 909401581 2193
225148729 499424062 3596
15739222 540054827 8941
402539636 720425625 7544
251454509 482933759 5601
573346894 999196146 9404
207211361 527271900 50
343144513 924722162 7251
89044354 853870337 5768
193765052 684937891 2113
822831704 981782593 4657
792266289 843354770 5563
728489457 995161808 820
104043585 872357766 2615
77104459 533094571 8362
225061957 817430004 9854
177248919 447621131 1970
150510731 401859352 7419
144455519 342203780 9838
285527644 461701278 7234
239426200 932643178 3595
157153920 610640943 3489
534813646 775700298 1196
321705225 919665266 4302
101844756 137437981 9195
587317373 684585011 6881
313813924 647019328 3236
378985443 915112226 5220
205634105 737945836 8177
77304949 308946264 6841
61658771 852198240 2732
250343673 903521452 4337
37552633 446296849 8030
455571222 494943561 6577
284510254 900302130 5939
643037862 788614352 7974
803005594 833392481 9513
100196555 427799159 1307
168792281 459090701 7681
888699020 900931747 3527
675208305 698986086 9398
441303135 948790199 388
232254002 412384854 5059
339665168 697985050 5434
748264032 820300679 8482
137600551 251639500 8862
173229417 757801253 4843
268756894 316594517 2300
22772400 581996652 516
802732462 939467131 3827
178729865 694344510 7347
520122780 630720422 9544
286312646 713110898 5846
524658666 905899310 4297
298757485 789328613 3138
652034 438114371 4935
94714492 359366244 6328
434400007 807392799 6025
19084479 880822803 1340
586074908 980347005 5939
208612022 654673532 6103
177303982 214927169 9859
525176344 762511957 3370
261127008 729501265 8842
769285623 794404134 61
32828559 238462065 4931
539444781 962188223 1848
266927533 325101816 9867
9273243 448093500 2780
361338935 408222317 2868
264699374 937528098 1410
663841041 923653350 1835
719195546 792905805 1579
247380209 405490404 8931
41505512 138339754 800
85512044 642121852 2464
504350943 864115773 6345
500838889 691309324 9699
400764163 781051272 7551
483001268 532564101 6955
15489266 844176399 7498
214733650 717035708 6457
754208793 808101935 534
98794688 353912744 5691
30889447 227814960 5688
62497529 409704695 4204
604682577 699404756 8510
316762393 542627547 4368
85181643 464697713 4329
279100393 771689064 5788
89952617 246743645 3390
4863902 764804963 9967
650572184 737564079 5410
479181122 663060229 8192
55059248 906652012 6028
1069862 962394645 9855
213603588 227493998 3365
49369276 388532444 8660
247189396 838705617 510
503862272 708438505 4526
88376861 758714877 6791
60452 734583883 4862
125966375 434481147 2908
34940635 806833059 5502
387079237 917472993 6027
302808656 904481612 5182
169669958 382875033 7421
630920549 963414973 2322
434815629 923819649 8075
642423040 700568832 1495
655701600 807694651 5090
448966472 655127471 3958
367632380 824899857 7373
213535423 816253557 8801
850233366 880147461 7868
494053926 504903471 8557
862308839 990496271 1319
166192795 807015743 1607
64622999 231460724 3184
101618933 820016250 926
294093743 941215113 1753
93702944 238701145 6645
240695584 500597431 3638
507197497 997750778 2612
571885715 669254826 358
40968879 986902667 476
69297927 552622441 6615
180955473 229057741 9230
131877856 867000810 6655
315615548 834694423 4106
838570857 916632899 6940
203670176 727462438 8556
158417848 234804608 6367
181163979 815976798 5178
417545398 468658090 7164
307348543 725171623 8574
614789724 738634735 3107
772912648 887381822 3505
252849932 424922308 8699
44912607 333784422 7155
405789692 553469835 2496
196671939 628939176 3358
242876601 998333170 2192
614043331 685042090 8918
226091738 592900913 7019
740141543 812085317 1099
661456403 986636806 7904
24994850 594621955 7635
305568895 769865825 8423
685973866 996614593 661
720452378 864199166 7521
118978189 655860851 7956
167002956 368803529 2646
338350422 794482455 8901
738730369 971773348 9427
323622921 734664647 3242
156356289 508332555 7115
538930883 926996684 2878
854981133 889433353 2893
194027281 776010785 2190
547898884 720785649 7443
408526386 915867941 3352
107233772 430648961 2613
360491847 385376174 1939
504742160 601523692 6998
121166050 928047033 9894
66812266 705343450 5345
392357728 482598026 8099
90154156 102188980 6409
51954639 747432993 7824
103022888 253507152 133
294614042 851600683 7996
528416622 787052135 5535
159715692 540230014 6333
653093170 712283596 2092
29006819 984260135 6611
52260610 788336992 5053
67240918 571173872 1670
601567288 731059486 1419
554081991 738338491 8417
759862671 897315695 560
128151669 405755112 8286
864261950 985822663 3965
19659981 332213445 3755
218919962 809668830 2544
395871451 966559048 3356
3118109 189639107 5103
231127029 823752646 1243
732531188 873564944 5829
478921099 738919606 3118
313472330 745600871 826
282445866 392065988 2809
90281928 810725355 1249
616000513 815241655 4325
102618148 985408314 3349
249882245 658892482 342
965596199 987076748 8780
213483837 869980403 1156
125474538 764583001 9292
377658354 611011866 3239
281036402 420279660 7922
7954567 919039056 2774
146094287 876675528 4225
809731414 871464466 7578
510409876 767498652 6780
173781910 325705242 9777
128219245 974954466 2697
47674045 757936361 6559
182142891 620855710 8313
133067324 589667665 9466
511553056 755509462 3226
312983396 392208439 4689
346564616 438104673 2722
723103940 979554312 3962
520572133 732531851 2050
43579080 205870549 2501
837777784 874916843 3048
213484515 727368172 2122
337002597 657257372 4133
375171139 681600689 6731
70754546 507009731 7070
414470397 642884483 1953
140679577 907309029 1088
263379948 849961928 6789
246053685 878799650 3696
545605174 992614473 3912
359859153 718708817 7856
288184714 792662582 7647
112210109 542471727 9158
616561821 732641673 6205
10987744 969921084 5898
772100640 956161535 7593
307415520 337463499 8753
325581952 652939368 3875
394613418 576303112 6838
300525594 611290742 5941
792513 165757988 9299
305681722 508514518 7028
475283838 634580831 840
88850966 809595717 5387
102570007 733990910 1198
52310045 409337471 7007
15468670 390453937 1675
462207757 469701991 9318
463034908 591901562 9753
299543395 866447044 8180
82591897 690305931 4744
112511833 964698829 1195
428896411 779830124 6415
796222133 912938903 684
53142092 848025551 5435
123489487 172457394 1166
447286908 649862061 7261
376613469 600347044 8395
16840040 322665259 5797
641344574 717740315 2917
320359618 659842266 5512
53558710 304063234 5336
473288124 833416842 6397
59183062 201050287 5935
504816228 633636500 6298
599087372 710864985 7887
620803121 933665802 3300
224309051 811896895 9703
176032095 605055704 3048
330217559 640950674 7598
307718208 799233078 2969
28421320 711657913 4495
284485938 469670886 5995
300123305 696508349 1398
577370873 835501868 2413
313978575 739234378 2622
210951282 977352156 3689
495769082 513460759 8867
826868906 881942889 7992
626630357 674606753 1552
886876069 951154754 7575
138778850 232042665 8143
344663502 923694153 2010
273603925 694046776 7358
187582139 225046279 863
10084367 804320600 7395
259269245 903004838 1521
237314469 698154598 4286
753313408 867153172 4034
480183368 961343659 5616
311767836 598872060 2213
370410272 443043122 5400
307685263 417675573 1686
516007205 946230176 6139
460664606 807819955 5634
278853912 857543218 5
558533707 710561419 9550
658935915 704798747 5141
221393313 697027620 5645
721271888 727351065 7831
542074620 827263543 2457
59395459 720955141 6188
321682988 912253517 9620
429767644 628156896 4442
537685480 699603731 6751
496249589 841148870 4147
129247471 501038637 8512
495018851 576315829 9945
532457030 842820547 5529
500626832 742795292 2518
291942041 509745920 4911
49767648 350473631 5213
597622179 860067460 5070
445000419 846149447 3855
604091576 916446866 2212
430954892 722400444 3754
409588932 986290375 9849
168244909 347172440 1348
826538771 907354146 37
223561727 227451823 7453
478337486 747196115 4269
310203283 880630311 3282
257319592 655106180 8759
486327744 857178759 7898
500593874 762743204 7914
466458643 937088346 6961
694871249 922301067 7868
723273811 810076989 9894
617790706 833381751 5478
9612020 42411247 29
95408996 816992445 5199
211586738 694933175 5458
204022869 865401621 6825
450537801 673541678 3831
505618458 913803259 6415
77591121 85218449 2309
391087139 679623577 1449
244191337 651398819 4368
42137067 259331559 7905
494698710 849574720 39
607454141 692120356 9305
748352447 822748278 4701
535721303 977288321 3317
346429440 651900283 4907
512795488 599443754 836
422415652 519114173 4967
907253023 947807425 8736
505864651 887728498 6089
547636628 856854503 2975
119668843 572684835 9946
737752535 946017425 8946
20699806 890286905 8598
140263624 798479061 624
346936533 520866940 5416
213197076 893292369 4870
420862998 498799514 1933
731084470 787154132 6694
280189175 650453823 8621
209890331 295664248 3737
141715720 506253395 9879
687998695 780219827 1555
119317949 275187419 6142
36999359 965552228 6288
590758894 776783068 5314
793943311 929179196 1156
246061296 281542186 832
557113017 956891116 5342
2773787 372384372 4025
215892668 561500761 6040
122538940 918142764 7365
859863391 885026929 1751
576226614 589778478 4303
358066915 859566289 6643
493021174 671482846 9011
47626181 593578273 6531
754639820 933644721 4390
540156198 972744765 2672
111900708 662078015 8215
380743630 947224250 8665
821436012 907645833 3912
109161362 535571948 367
230359371 774369353 7524
149015797 407104540 8557
129777400 226285668 1413
105946530 548098741 2916
253892633 970631686 5392
751136884 842715130 2978
61666535 960682335 2961
392987950 446440733 8284
665823308 809908149 5065
542419403 769291936 2452
271289788 796213376 505
71754195 328811489 2996
230577322 910142954 2215
78129967 995559097 3020
199622327 224395365 2723
81048291 593244917 6167
231865616 645431955 915
356603458 740952255 8190
284408892 336548781 7300
353743323 533025263 1627
99957717 436768718 4854
109277754 603898281 161
487294084 824098673 4023
137312831 487771967 5004
54668204 341884541 9321
357383697 936397441 3653
550686374 974482711 3768
787346722 856682374 1346
991325199 999070024 944
596920078 608456904 2044
252923200 712225744 6443
261432464 603741655 66
721836789 759377330 1354
135230814 227814752 5731
764982603 855682591 3355
38178788 865915163 2194
302455426 426064696 9227
217285364 928569286 8502
167357373 668044882 1576
188171557 430709962 9706
232956987 373023924 35
21141097 531726183 5043
402918914 493044230 2632
383450658 622631148 2012
245097977 838113549 5732
535157962 991575212 1939
5750995 259161121 5213
307737242 955974600 2364
112478580 342672038 1223
138523919 190162715 9752
265339746 935983476 1784
799551932 819571589 9366
285535047 451720488 2391
313126615 389542715 6177
20480930 954302238 6506
563690935 622621375 4373
38980827 808508780 4670
795393619 924146348 2034
205209860 702947662 9931
967791459 983701534 6342
262685373 359830705 5252
70415916 905198059 4407
126026317 379332305 4713
492331414 720280903 7924
269551909 592626260 9038
639793301 723898045 1486
241464643 477729760 2350
1161587 442551543 9218
89755 73895779 9911
168917897 304912139 4618
25705317 787194227 5225
602894073 749647992 6942
222557307 832347040 5577
154751973 522819547 83
326943091 459835540 7802
646091667 711757840 1386
45220444 300153039 4377
521974060 577507611 8759
711855055 913009739 2711
261756937 955322801 5703
464273930 532922886 4030
562869225 975616346 9404
313489287 956017000 4217
122604306 211578863 1130
407131817 559050822 4513
344824227 517234378 7487
738537680 928505422 9253
15133152 317646127 208
154722421 302099636 1844
547190964 603251467 618
383925138 789220805 8891
173805743 684734316 1108
777347793 825000540 5338
662004114 829786560 9089
15800454 461698201 6624
244920781 860723342 9361
762966695 792816228 1600
407641031 558896905 6732
260471918 575280797 1821
51763249 993128967 9058
27953058 750512974 3771
195371597 456171640 585
307270877 570212241 1255
35343303 410674630 3546
123662425 229735854 3613
643448703 949887027 6952
368484516 850432383 2210
192803815 785217352 5377
236762126 633593879 1406
52465669 717074973 5070
188944610 640214143 9933
573346101 955215687 7789
86538479 380988658 2030
112197417 408290628 4060
425977772 673219556 9269
90638241 870331027 6663
244941622 369900331 365
575266676 819640254 7522
85796031 420291134 5835
539133453 930632932 4771
124902881 240548788 3208
552581379 929843633 6412
83056584 962055861 2435
93520769 859617105 2271
94284025 912821100 2401
349708301 511096088 1051
194147886 458681003 6760
219233996 691483513 9147
143241840 718555320 7302
467454322 714522795 5572
310080025 899361922 7871
19944424 875878408 7799
243589520 782999909 3006
290323816 599003151 1660
