1000
9068
866069680
80861
1
08
09
866690
6100869966
66
1
19
0
9660
600090180
10901
1088980
91060
00
10
60980189
8008016991
8018
9
8
168089
09
81
9869899
8010
98868199
8880
889
19096
860969669
0186611
9
66980900
80696680
1881061196
116609
98688
989690086
66
9
6690600
1160118
6019881
1186018880
968816
81
890801
999696909
9019118
9968611190
86980688
01108181
6011001
6
69886
180999
81
1100
6
19096
1190118
98161109
01
81889
9088611
86899
01001
0069
89
088
9899660816
699686000
110888698
8
08609
699091
6916996
110969
1681198
0800
166999060
61000
009
88
860008000
86
0
9989861690
698
199
66099890
96
668008001
68688
10189688
660169198
866989
919
96890
180198
16
19660666
6098
916
6060018
698688
096
66669901
6181861118
8668
1190
819988196
0096008009
6108890691
661
996
01006010
66616166
9000910
1669606619
816960
1088
009906118
88816
6060880
9686061009
889680869
0910906688
8
00810
88868168
06688161
6601166
10669880
9601
6016060001
68969889
088
0681
9909196918
890
6998919
9888
06000
0168810660
6661
09906
98006010
661
10908
6
008096
8
6860860699
888106
9
10606606
1800
18
1818006818
10006
801986
986
910611691
88660
000906619
8
8190
1
6001180
00069666
1000816
699899190
986908866
0
99
016890
088180111
189
081
9601099190
80191
011
86010
890
880
06
68981
181
86188
9109091
886968681
868
6690690809
89009110
8661996690
8098960
9
9916
9
1611
98
9881191191
1919898
8019190989
810
8099898069
16069
19
88
906
60608
196
669
0989
01610
6998
6
01
09109
1
91660
69
096
008
111100698
01818891
9
8688
896999198
01108006
886980
09
8
080809
888806
60
168988
8810998680
8989
9668011
0911
98
68
1
886688809
1061000
961896
9
96169086
86861868
1818800
08006996
9699668989
9
901
90869919
106811
66109
01899601
61
0609
66199601
8898699
0
90899190
60191
81690
0188108919
999
909996080
89190899
1810
696
6690896196
69
88080910
698
0889
998
6091990860
191
8811919
018068016
91168
908908
008199
81106916
8961609896
89
88069
869
1098
6
6060066
98690
8
898196
0169
666660009
8899619
188
08909
660
189
069696009
899
1806081
108
068800666
8808689609
0008600
1
998869896
9969811
1108606
08998889
9996
098609
699060896
019
01988
68988086
9990090
1
188
6
900
68616691
6
88909809
961
0608118
91009600
119
8901918019
99161016
880918609
8019609098
0961069611
0811196901
1986111169
08888
6061116091
918
809018098
11
09880
969
969900986
606860906
18889010
16008909
8
016918
9081100900
9
16160
9889101896
8616166880
989108
06
86
998698800
6860191
0909089661
68819119
891068
868
6098600961
0981998868
8800
0
818
001699
01168660
996898
10989109
9868611
8096691968
00660
10089
6080
899161
68
000616
9
6906
1101
0816
91681
0
90
898
098016696
01688
9011866906
96
1116866968
901106
668
010198
96618
9990089880
00001
1600
6681818
6616990698
989600189
8186906
191061
960690
808898861
818
96689001
90688
9069980
99060
0
6811
08199
866
8181
08
809906
6
9180081
06098198
9111
0
009868
6
1968696
698660
668861
1009910109
9006
081
661986
66688189
606
861116
1961611
98
960890
8
801
0161996
9661866
119811696
900816
69618696
01919060
609699
60001
108889660
0681
1686189
919810919
911919698
96609
990001
091196
980816008
0866
69
989
1869
0666
0098
801
10911
1889688
1
0
866010100
168999108
66
906091
690108088
980
6190180916
811910
00
0681008106
8109
09
06
1
9198
1889010
118
6
08008880
00
908608896
061118898
988099
00881
0
8600980
99616
6861119
1966066166
1000001
9119806
81666916
1660966968
0888966901
166881068
0066066
11008111
90909860
88
886
88069096
66689609
10
6991666
10116018
9
699600098
988
0188
861
00606611
68091116
069999989
6180691818
11
801
09818
0866
006
800188
9611168809
00061
910681809
6961961
61108
09
99
6169
666919
189
061
0601
68089108
10
6910
891611
1
16911
8096681
689016060
9869
081
1188661118
99889189
8088806
16601
81
1
91
109810
08098008
609091886
66991009
818
66
9
1860
6
11998860
699
8010611688
161006
600169
09880868
911866009
816
111816698
001188101
81
86066910
1810
980
9868
189108068
6
800
89
0908668986
8
096068880
98886960
18191
8089
1910100
990869198
11
0001980
1089911
11106
808
91910
816
89
698691
8991911600
191161
1906190
881080
601
8188086
99116
6180901168
66868
6189616
6601011966
0
1966688819
1981986109
801
0
18186
0900
686909680
9
801
88
1899686668
966
9
698610166
066660
90
699681108
11006
61
1618960
908918
1198
96
016809088
006898101
6910800
6889106
8901
91019698
11199
69996006
81001
6699
6880001091
8808619918
616916618
81
99989910
618
09660
991009
619
6001080
600891918
6019816966
916968
9819819691
918
0918661
10918
0
889990116
8911
66
66900
09806
6081600
8
6608686
6189
0611860898
608986
61661191
00901
6068698919
60610800
6899001
0
1699
680
11960609
101
8989
8
68199999
800816010
660
801
80981098
0
16008
108
818189
16
918
69
8
8108086
6968
8060
096
0609861
068
90800
0690
986908
10918
869
8009669
910161
919816
896896808
8919981069
90698
80
96880969
9696096
09081090
16
019001101
000
669
161
08
1
1800896886
91619910
8690669166
61960619
91
116166610
806988
80081606
98619
80118819
9069869
1808
1969890
900
88811
860916
89
196
101011099
918990
86918911
81999060
160066661
1908690980
98160096
00
96811
8910
696181661
00061
99
66161
8
608
1668886809
68969606
119696
16
666911
68
6119
6
6108106
0
9860096686
69090
9689869
6106908
9
00
1601190966
1068810
189966
8890611
910900908
081060
816960801
9
16119
809
890990698
116668
9998690
900616696
19
961099
61896
6606086816
116
966011118
9091998
8
610196000
118
16098
1898
1601
0196060
811866889
8689
8686606
69100
801188
669169861
6
9868600
1688909061
86
608018619
8
00109
8
011161106
8110681166
6
990898081
68061669
899
096016966
80818
1010888668
186890886
66606
9
9
169006
9
8
9
91981010
00
8089
8868
66089810
1966
680609080
88
118
109
6900869
8889996
06660
8808099
81911969
8
1918608
9966661100
6800900
6
6610008900
11680
69
009
9090806890
6966
9
016190
00900
98691809
610
9
1061060610
0618019069
686
990666
06611
889188060
061699889
8908906116
16910
8060
886918101
611
80968
800691116
161169
8901
6016869901
1861
889091
88109
696199010
60881
9
118111
89011
969981
989996116
6
1
6
9
6600
161601806
69018060
0
199196611
96068806
89090
1806060
8
1018980
86880116
0
9
890899
0
18968
8900166
99608
9616600916
9669111
080
8811696
8990
9886
100881911
660109969
18816999
6960861810
19116
8169
16168101
1119689
191601199
186190898
668109896
10099869
1190061999
80
91086686
89968
690669801
61818
69661186
011
1609
99008106
19991
906
8
861098180
0
1910609061
18190
1180618
6
8
69
01096
0010818691
6
8
666890
99
019998689
8081
1
68896081
1
880
0691
969996100
189190111
661681
66069998
01
6066960986
0986
091669618
66181698
118
1
660
0160666
991816
1890188
6819
6
1618
