100
11
908618891
616081006
001081900
10980
09
016
109890
996
91699880
9190
18
688009
060668901
9818
96898
6911119
69098808
6006
1886190686
9061016
0981819886
6
8689081
6816886899
86008869
610
989960
01196
9816
11869
080619600
6
688808016
088988919
100911808
0016
890
61089
8198611
118
99800
1968
101100989
1891
19010801
681669
89691108
601008889
89
9989808
9696
8698181
60881
660
9
111
119
81061886
6116
0198
80601908
619
6019
966
8816860
8
886911086
00869
0889
916169988
166
8869868
008609
610801
6000981
189
0106
660086
18680681
010896880
990
961660
1111
6869
119618
16996
88166690
96186168
991808999
01191606
069600089
90166
88660
80816
9191061
68
11
6
918999
