10000
699106
86
6899110191
1969
88188689
19661
1
600
1199818681
9600
06886168
6980689000
19818166
610011888
168198119
6689610
9
1880
6
68609686
9
10
6896
866
096
1016118
6061101068
9916
9
6980
116118808
06016
891068118
8
6661
969
8980666861
690861696
0680060969
80
9118
008666801
9901619000
106
06998
089609106
808
6160800
08690991
80109686
90
810806
860691901
06801881
68
8109666969
6699609616
88090180
9608
0068080008
901698
09160
66981
6
68661890
0699160
10996980
918668
0868660961
098
86881911
8916018
88
1968
9116199691
1161696
60818696
1611811
810
0806069066
680896869
66
69811
9696910
066
980
8661661
86891
886088
66966
688819011
0
160
989
00609
69190
9910
610
9
80869
08869
818106688
61861
0109610100
61999960
818
6110806
9
96688
9898008661
0818
18901
6196610896
618
11919
169106891
0901891189
91069610
8061166
1090
0986089891
010
8081801
60809096
6669108886
9099
6986611969
8108168
918969
06601
908910
00
91061198
1180998098
606806669
11101891
1188
16818
1180009891
8969
18601
118186
818
8899069666
6866890699
6190166989
168189101
6
8991
6186090999
609601
81106
80989
1816199681
1166066
16698611
6010
110
908988
098609888
90
661681
861860
6861
919118180
9916
688698
698188
9989161
618690
9609808606
9690199
098060196
6606909669
6
06
19898109
61
8999096
0911
1608
86
6188
0609988
001
8090
191890
61166009
9690011606
908
9606011108
61
888981899
986099
608
88966
880
9
860
66689196
1606
9619119098
80996099
098166961
6680096
181
819
88008
899698
6098611109
0189890698
9991918968
6
1089098
8
0168968
00006
686161111
9906901
98
6190888
9888
06189
1081881088
981690169
001086
11118800
9681019
161608886
0960008
86991
8919108
610
11080619
60
9
0
109080010
8091096
11891081
860
19010
1680909
6
61818
609696066
691818
660111688
8019
106101
61916108
806
8110019
96
099
88908
61969
80069
089
1
8
600
09090986
08811
1
906986
88
18061
06809119
0188660810
08088
096606
196009
86
8666660068
09690969
819
0810886
6896101
8689866809
096
8800886
089618960
6660686091
00696069
8190116
61969088
1608990180
0
11160
960
0189960888
000616609
609
80909
108
106801
198660
68116
86
18
09
698160
199816
61
898988
88669180
91
81108
19819
1966
98011
6889
6109661
9899098
1189861
006881910
6
9600680018
699
86699008
999
9898881808
91168
0096999698
081081801
1099
98
0660
680018096
9966116
8
181
600806
6190611
00001
8181969669
60
6888180
019
9110698
8
0
19696
099698
6610001880
018016
6
016098060
1108091908
9886880818
98
01118
19986
80168
9
08916808
018
88
160081
696681
8196818
0118981
198186190
110968
81186
91
9111
6
8889180866
090108808
908986186
61
961619188
68
116
106918018
0
98198
806
81
890096908
966081981
91619001
000
96808
1
606669981
8011
880996081
69906009
0061189
108
1900966001
08910180
986
61999
9868886888
6861
001
8696
0
6009
016
060809
6890
6999966
96
996098
800966
98660
1960996006
811691
90
060996668
86899
8161
816096
99
6618916891
890100
1896018
80008990
989
9068
811
96
1806680
006
6910991690
9006099
81
9
896699
16816810
0
19660816
09691
00
6890
9668996198
6880118
1106918
6696168
0
6
10
98
1198198
81
91868006
8106191
1
8
086608090
0608981116
9008
980108
9
6688160066
6
680969
819
88918
08689608
199
6869
10
1999988080
1001966609
01006
891
9016
161
09
666000896
818
86899608
9998698
90069606
6189
661818180
690611
08
9890
190
8988
06001
10686
1699088
0690
099
009601016
169891
1099910918
661960
96
6080819
1111909
90800966
9099010896
91608
1061661
80690019
8968
86908011
9666001666
9
10996160
68
90611
889969
6819600
8086886899
99690
8188611899
6
010061106
19
6190
1608109
0
9
99996010
9808898861
1861
9
980618
118060
9686
0101188
0081
606891
88610911
6
19
000009
018991
86
699188
060
0909161
9981901660
860168
8
96906
198
69000
9
0890
0166
08
9
696
199068
96018099
69910891
686061
1169998980
01
69
606810
169198988
6001011
6
611988999
9608816
999
999
81999
8999909101
100896
098696
9066088608
9916018906
91
80
6969
60
9
96968
6666118
9616
090696
0868810660
9
981906
6616
196
19
6
1
061
9
1989069
9689691800
161
006
0968699
961681
9001906
8601
0000
018
6908069
0011
18
1019116066
899
661619906
966
68801
918616
9809909669
89
0611168801
80660
8998
1101909
0818166
8809601690
6861
9088
081
696006616
6060
109099
988618
96106901
161
9616
60909
61
9866
8661096088
0
6
60
119109061
0
6900
190
8660886861
9610810901
06
9069
009698108
109660
160
9998801
8910
88606
1069691000
901901
860868998
89
86
6986
101809808
8086198
90896
0
910861
189106
889
0199816
0181606989
1160
1918980090
6006916
0
61860688
01601
98619909
808009
90988
1991810608
8
681680
6060
0010110
968866
1808019
06981
6668818
6610690996
008161
9169898818
8990860019
180100
91116960
800960
00910
616661001
108689910
6
9919699
69098069
001118
989
6
890096106
60891898
16168809
161000
808
8619168
9669
1661069980
9
9899
1868680
066698066
199961
1
009898
9090
6181019108
10911
6616609089
809919896
106996196
10
988086
900096118
8611881016
0118880
901160166
89061
0
81681
866016
888899
6990
816088801
0
0911160101
010880686
86608819
6866
090800996
199
868116
0
90988
608
6899910918
660089
896619196
968
0991
89
1
06160618
9
618
1669691699
909806811
10
8668098106
116909988
010
611
0016
19010066
98191
0
0966691118
10661808
08
9811
09
00
666
901
668988
9606
9086996
80011
61006
100101991
99811
996188
80068060
116
880080
00
108
666109
60186688
96
06
668080
86168180
1968
9
109610
0910
919019011
660
011068
91611
000898106
16818966
6109
88
8966169
606
16890066
8006991
8100
689666
601009681
9
996600800
6680681
986689896
069096
1190
9968
90808
6960
6086
0
601960181
98998690
9981861819
01
966899
16
9
9081611
11801
1
181
1886689898
8890819199
99689869
98168
9919681
89
868999
8968866
18111690
19
666
808188089
6016
80801966
166868001
88186
00619
6619811818
910880
18061
666999001
8698
1
81999680
6889018169
090681618
0100061
81891
99198990
618188
6090
196868
6661
9
19000961
99106898
89816868
9998816186
889896
098106
8916098
86616868
691186
10066
898198996
1890989896
8
069
99
606610198
18889
68980116
88866806
99
0
6919068909
6169988
96918881
98
99
660199
1606881810
091108006
60
88801190
0801860691
1609066
669198618
88809869
60
800
0696
1089
06689080
89600
986191
8619986909
191
8060981
106118111
9681868
9690
08818890
80819999
9980
96999006
996
891988189
0199
0119099
90999
989006
0080969
8960
960618986
19698908
89
011
89668880
018189681
89000
919
986900601
986
09
88016
801
6891011681
081088
0
0
198
06
9
6111
0816018091
0160
0180186090
601
90010
8
81089
0
968809088
899
0
96986
8
0
90
9
686100119
186090609
811
6
618168690
161860160
091969
6091
68
1061909690
1006
881901681
88
616896
981
109
166
0
8196096889
9086
8100
189190666
9861
861806
816909
9686981
061118811
19961861
991
9681
699
06189
8
11098666
088
986101991
9181999901
0698119116
869
6
006066
8811908
1696
10
19108
9
10060
061116
98
611
16966086
1061690686
69816
80681
008001106
6686
00
9
91918109
096068
69
18
9
968888690
699009998
609018
198609981
1
8
8660601688
16196
198609
906109
1108988
1908101
98019
610086
6801661
819
8
861
08
0918
60
6901969
6010690
9
86
01199
0
80098660
16
18899968
98008106
169688868
901
6889
01080101
06196
9
100068066
9191688966
9896669
91189888
011981191
66089
888116
66
8606609096
888010096
8809180991
800609
0690816
886
68069898
888
9608118
99611
09999106
609600811
989190
19818
988108
11699911
089061
09001886
19
0100898
688196
68
118606981
9160
16991869
9
608116
89000
089601
61186881
889080168
66681981
0109118
16
69186
9906080686
10
16681
88908600
1669911
969118
8080199889
660119
96
68000980
9
19181
1
901061
8169109981
618
101888
0988980
89
6190690910
886
16
660899111
68690686
018888
61916189
0618810661
989189
98
9
198690091
19968
181
90019
1981091996
608
966881
60686896
010889
606
888160069
0908668
81168
60980616
01918086
06
8010906661
6880196
6900891066
08889606
816069198
180
86
111180
99
0889690968
9
1
1
168999
916188811
6008688
991981091
886
8096
6106
9091116
868818
909806916
868
1600661
669
606
16
191166
160999816
99
996
99
66680
806906
0960918698
1666
6
19066
918
8119918100
99008
1608988960
616691916
188818069
1811
6969096909
989
11
6060999610
181
0
09610986
891
11888660
8906109
96181888
18
806981016
1911966
086819618
0681608
886010190
8680
6010
699909
18906806
990166
6901911111
999
001891
1081089
116800
188
68699089
110196911
968919809
80886
0009089969
6
006919608
8110696
61968
816689009
661668
8691100
19
0800061
9161686
1090811686
8906
9680068
6
9
9
68
966116
11666
6908000966
689
860186889
610
9
69800989
9810161681
61110
0911089
1989981009
9010
01
669
989699
6
88198668
6016
9196
90810
801118011
99689181
91109069
99106
6180808
908
898018091
698001
66
16188
9689
609909
111608
1808680668
1809189
06
869
661806098
89601
10
891
88
0198
8006869
000866901
90
816911198
090869
1860991908
8908901696
68998
1180
809968619
666
616190098
069166111
100968990
8609
610968696
6
81098109
1909608
81888608
908966
6666680
6168908909
086116
8
8088
199009616
0
8190
9961
6911681990
1869060
8
0119
6608808108
061606816
891166618
9911091
0168
686896
06899600
0
00889806
910
0109190
618918
0
088
1861819661
9
061896891
600100
8861918689
19111
9
1006
619661081
088888608
091109
9966166
81
1
81188
1191
919
0
1686800
1
9101661801
916
810
60619
066891909
1
168
6008980
66906990
0101
86619
89091010
6886891
6090
8986096
88
0980919099
06606016
696609
1980818900
6910860
661860
09181
60
910881691
11
6
160890100
6968689919
686
6
99910191
6
1
661619
1606068
80
901806699
900081988
9908961
1900169616
016168908
6680866
6616
06661888
019
081
106960
0098110999
8869
06691
00866
0166660
18886196
61608866
1161901
0
0
1110118980
6098
96081661
9181
1096
8
6680099601
9806
9
008816609
98866
981961
900
0891019961
89660
669
081
8900888696
061
198
11
8809
81
809869
6196809
688
89
108
661868
6618990
6966
009
86909
981099
9911001
011988801
119
1
8910810011
60169690
1
119811966
1681
8066199
0819880
6916668
086698606
6110909
019618610
000
60669
86811109
6
00901
00861
69
969
8
1801
080081919
8
8899901606
11901
1608699190
66
0068168086
86991
9
968110180
0816810118
88
9
88000
90
6166610
868890069
96106
8008610661
8
199990
6
06006
1000810
0861889
081601918
16100968
00691
99080169
80
69180189
01860061
0980
16109
6118699661
916918
9186186916
06
88008106
061806
6
008866
008680
86061
8
6
99811
116118
60669910
880686
886896
9
0868618
6811
1
609
016
688
6900600109
9019118
91
8
691880600
691988
0018190
0699081
86
08680
116
6
0106099991
8806990
0111968010
619868
981011906
881899
00861901
1
9601890668
16099886
0900
668809
099901
0698
9600
99
998660
66
980690880
019160899
19
6606
9111909
06966
99600
619188161
809111
9180000991
001
9899961160
6690196969
0
6188
60618
161
9009
6
0
9108101699
9019
18
1196180
96689168
89110
6
9980110910
6696
611961
6960660
00
80991980
168601
8801018109
9
966199909
0
09690
68860
6096
6180
009666891
8991
668919
001080666
191868
0699869868
61961
199088
118
1908
001
16818196
01810611
686
096896908
96
90098
86801
08088
0066
669081811
0609891
89699818
09
800160010
008690961
16
6009009096
9166906
181060009
990018
9961886
6
0610
9100009
9
0
11
889860
91199081
0
060911
1980
09
666
0999811099
96660
160
890816016
099199086
0
6660666118
98896610
1160888
09991
6109010
8199
0061
01960960
6816606
066109060
8
080911
00
916
61
8089680160
99669101
098
08
9868900908
08
096966
0996980198
9
8998
00961
018900
686166188
0
081
6
00
811
880181
81006
6188681699
1808
9869
001689
0990609961
088
0108901
198918111
900690
80908696
00068
19
6861680
8996689086
099910610
988988
9186
6111196006
619919
8960810
68061
0
0008161616
90196109
0606680691
1100108
1986616
8900019191
6688
010
9989918088
989
9819
09861899
6991988
01806889
06069196
9919168891
60669
9818
9
69686169
699881
09190906
8196988699
8160
6818
69918
161188998
6981618
989
0061818
96861609
969816
6689
1
098080016
9
0669000001
9919198
10
1911006
998191
6181888
06
8109011
66010
086
08
881
86
1699869
0106110811
96068961
1688116606
618691
09806119
01869
999119
61019
0
9668866
8
8061998660
9118999168
6
689161
90869
016968
68109966
19609101
69110
01689
99
68988680
000
0991669
616618
1900660890
109198
68601186
9610
6188690669
08680861
1601
0198008109
9600800
69
990069
1918
968
0
1
1689
9
00860006
8
6699999896
89969881
0181
606066
9
6016189819
089010
989110600
0
961618096
9666606
66180
0
090909
90606860
669
868898
8600
909
81198
080
90806
19
10
10090068
009161
00189
0186969
698819
800
86066006
900119100
0080996111
689610
90100661
1980
991
181619008
066616886
99808
91169699
166891110
8
891999
8
0168006
8868
0989
9
060088989
1
806100061
0611
998090088
8191000
691000816
09106916
199616968
9666161
8009
6086190
9890898
660819
9016
80808809
10099699
00911980
686089601
0
6880081960
16
118600166
0180086
061089
196
91
08180886
016689888
661811
186181
191
61680860
69
8
806
88
90668800
91
6896681688
8168
8101
0899686098
09
000609
9
8619
068681
8669900
69866910
89981
810969961
06660
10098680
6919
19660980
08
60168
11611
906861611
01889980
8989986
96
6
0816908
110
66
0001
6001189
1960
9199089
9606996018
98
061811
9
1096
9161
1
0889
99081168
8166619681
16
190168000
801
08
96
606989
61988989
68601
61690991
016899
618
10901666
81098
1618068099
09916
10100080
096901000
11119
1990908
911
99868000
618160980
0080
069
60906
1188086
11018
918
800698661
66080
600
6
80909098
9810699
968
8911
11
1916999808
09901
6116686
1899091
001081
90
9890
0080610
861866
00
19
0690991016
680
609008
89161
8661801869
96811961
618808890
8986
1616
6116819
09160
099819888
880
188860
900
060016
6
66869
89818
0
968696
6688966900
6
608
001610
898611898
9661
9688180
81
1
991688
188889
8196
8860
908
6980
99616
018669106
1
68
69989
0009
1009860
6
11866
1860009901
96809
1
088068098
09866
8018010818
60988686
6161186891
0061
989190011
1
918968
6999
8
19
6
08969868
89
0616019
9091819
0600610
166
996
16910811
691
10018660
866688068
08696898
9981668
8100
611161
0019
06608110
6
869811
90199
8
988
69696098
9016169
8981611
66
009896608
1699106
01
19981
1
60668998
6688960866
080960100
098086818
81809
8689
1110
8986808881
988910916
9
68680691
6908008066
188961900
168081990
61
6896
198198911
106
680968980
1996
91
8
116881816
986188
91816890
0108961
0611
0096111
10869
660181
696
98890
91
10808
1098
861191906
191190
06
061891
191900
089691806
98910
6680606
966816
0688
188109969
10
19
668
86
999609
08868106
199010
0
890
6968010616
009061006
18888
6681191
81
9068181
6681
8
6096889
9
68698
0916
09689
91986
891
0
9
6
6
8618916619
1
8198161
99901
0
0898116911
9990
810911806
881066
6
9066
6618
9160101906
888
680106899
908
19198
08816898
08119699
090916898
98969690
0
0860100998
8881096
188
808619
6
1611896090
9
66088
0
6816981
900181
8660819600
088980890
8090699160
96
9696
1
809890690
1
6661919
1
0180999899
166886989
060880
098019
1190
11668
1696889681
8606116060
9
8109019816
880098
9601
9190
866
9696
0
191
0060186
0881
81
996060180
908661
10619180
1
6888901088
81600900
188
816069
010101610
6
990
116909088
8
1696
99181060
6196
8
1801199096
0960
681
8808981
911901681
9901898061
6808
91866
008996088
11
01661
9800
6688898
1609119
190188
800968
06991900
90
199961
0
698008
010909818
66998900
19990
069619
061
0888
08601
89680819
0600989601
0010
1
0
18
891908061
108
89091
6668
6
9006198
6606
19906686
8609608
0
6680160618
866
98686
0189618160
68961086
886886
601
088018
0
81880
880
1
9989918
0
61988
1081019
86
09991068
611099
1881061
86
809666888
9191600018
8899899906
9116
88966
18610
66
18096861
198
8
1191109
010991
08
0108098860
008190081
9009916666
1866018681
189661
169
186
68890
90
961810006
1089916869
800
16
18
8
0
0
191188
8809669
9099118111
868109
19861868
0960898618
01
1188900
6618906966
866
10681090
0
9186
0
8890081
66119888
118899088
0
11891
00
006666
6810101
666860186
19118
1669999999
8166196
160
898861611
061
108880616
009996
8098666960
60
11888
8
861
10
66906966
98
1600
606
86000
086199
81810869
016
66019016
98888
86689
00809818
0111
816680
96
008811
68600699
9
60
06
81
09961019
8909180116
0886000088
91
86609
08000
90
699891
99
86
906190
8989198116
6
996
660
96860669
911816
166108696
08008
611086
00866
16080
919901
081809619
1016
8666600918
810819
68
89861081
11080119
10896611
81891
891
06981000
66189991
6998110608
6099106
010
16068061
1168
6169196
1606088
90961
890186888
909911
68
0
9
18999086
1006809
10908819
0619
001106
69061
6
906616
108
08081191
06198
10600
88
860686680
1069
0006868
0
0606811600
890
806198
00
691019
96
6009019188
0116011960
8906980
9889868
1
016060
18
6890069969
999968909
699
6698969666
99
1116099
166180
0089010681
6619
099906889
16901
0808010661
61096
08
1018961
09
81
00609
9098101
1091000
80
196916
916690
8186
0
69108860
881006006
1106101
018898806
9900110
869801
8981
1
90860
80
666891
169966906
16191008
8006180
691
1100
8089069
080886061
69
0066160888
00698119
1861880181
18
910890
96069881
96698
1110069080
0199896110
888010199
869
6616100
91
1
888981096
89096660
1081
661
9900681168
6199
0188686
110911
11
9919000009
666061698
6909
89
89698
0110
96
911969
9
808998
8166
8906
890
008100
09181198
060681960
196
61099
666880190
69
618916
681
08190
090106198
888816169
81968988
1
9
11
00089186
69660
60966
916606
88601166
8888
916
9818196
086199098
101016
9969
9866
00191
1901
6601180061
9
1086699109
9918099088
968
8688089
6180698
1610980011
006699996
088106
89100
60901680
1160860
1991660
0691088
6
61181
6899808998
0
916918
118
9
81866116
1181100619
66
181
969
919018016
096910180
8160809
8
911
89
90199
10689010
1886
896900
089199
609669
016689989
0
9061990089
60980
8166
9960
861186
6001111
881086800
1610190190
0
196008961
1600111819
08096610
06
06016
8068690960
08
16068961
91090
800108919
10
60
0
16699669
91800
8661906
6008019980
61111
09606868
9099099098
110810166
668998
880010
991168
18
861
19060966
096610911
01919606
698
0911
1
08
86886
68119806
0
191
96
988108186
09
81009000
91969800
09199
06691
8181118
908690
9066168
669660
0016069696
8166098
999968918
09018
9069908
180
0
991
0688019080
08
611161989
6088100
901
168689698
686666
909891910
66189668
8109681869
9000001868
809998
180618686
088991916
9800910
188
8
86016
0009169890
080
89660
186160888
0881601908
80
01
8190890101
88
8886
190018006
0891018998
686109169
61980
1880
600
986098180
98
1
986606096
9611119891
89
809088096
968999
6960890
1060886
866166169
81980
0
909
9
8
66
80818
1809
998611869
0101600989
611
66061681
10880
106
80699889
10691
0110086681
060911691
9689080
9008116108
911181
91908
881881696
6889
9006180190
1
80
968
109
0816
1090801610
696606
90
91
1896090101
6866066
896008666
119086
8
01608881
9809101180
9609019608
889
0908910680
61
111080111
1618906
899908
0
161
6
69660691
6990806
06110618
89
8
106006686
8
860866
69916101
9818161106
9
80666609
10800901
6666009
901999911
88
896
1808099919
068966
981110
1189600
0000181609
1100806018
8619
09691
99988
090999610
8911186088
18061689
90600
81906819
6196
10689
0189680099
8
01
816
810
8609611998
6
601169666
19
869866
61681
1809808
1668186
688061
08611600
0198
6008119688
909816
909
1009818
801
86610111
9
91
160961
66
81806
96691890
6069
86690
6118
6080
88089908
08199166
8819898680
111111690
0
681800886
606661
8819
0181
8
088
616
6008601
000886
16
098616081
9918960011
861096
8689168981
681
6609918
00800
100
8666
8
89886
9661091691
08
899196888
089188911
1
1
881
091
908990
18
8660166906
6
668
8801689896
99
18816896
091816999
81990
901810
69696
91609
09
681
91891
608
999969
16919
900960681
0118000
8
8106600111
166688
80
60
9919888011
0660916
109886
18008016
1606806
8980919606
6988
96966886
8989661860
9960106699
1800
00166189
8699886
08
01006
016880
1
89
16
8008666960
9
8189
8010068806
0619
9009866998
906111
16919
8101966
081
0688606
006981919
18801
600
1089
0966618
8869191881
06
6
01090
01960
09
1908
80169910
8906
1
8168
80861668
9668960961
1911009019
069
901980960
0966
918
0918609
09
619901
1980
969901891
680681986
868
89809918
0066968
8168
061618
969986
8119901060
1
919986
69061
1
611806010
1
1100
99698119
19866
80618
086609906
8199
16669
89601
989
9010101916
619889
619
199
19096
1806809
1890
1868
1969996
168
996681
9
0996608
808
8086681
9691110
660
9
806800
89611819
18
8010
61
108
099600096
61906190
89
000999816
0008
8
8009916081
1611
168198
8986961
160966
999990
9668
881660
11
8089198906
81881
86068166
19961
90018
8
9181090
10910611
66906
09689188
809
0998
86
16
181160969
61816909
868119168
860698
109
6669016
6666
198
890891
18
86091996
0
6
89
0699
1
8199606161
6809118868
6910906608
6106606
81119
901898
9868
01
9188888916
60
06161866
866
8066011688
1816891
119918
906199888
16680
8966616999
80691
80680800
1016891919
901090681
680919
18116
1061686908
961010
9
0
16881
181811691
1608009
661016
8819009096
10999990
890
0
160018166
0
090869
901
0116
9090
996968
001996008
096996
19999
199
1196116
90
68911006
8869968819
0180918
1191610
609096
89108
6091
098089980
899069
0
80669181
9
991610091
1989
990800961
6811668
816196891
00099119
6990969
998
888118
808068888
086
101880
190069101
19911601
66
80600069
86
88609
669991
860980
90
0918
6861101
8109018896
61616
98601
989669
11010606
960
9601688119
810889
6199911
898
0
9
80
801919660
090616860
10
111908066
180018
896
01980
8196
00906
88
96168900
86608
168060081
01
08
9098988
8891161
6960166686
669
98
1818699
0108198
98689198
1189
19996869
196609696
8
9690
81168691
10961111
190891
1180661980
1
8616098
6999
981609
0108696616
01980119
86169611
81088989
90
00999
911668160
680806969
1
1681
16
611088
1090
091860806
61
9
868
981100000
1661100
0
081060
68801
9091090698
6691
9660891
9
6680
01881
866606
808
08100
89898
688
9
981
66808
101
98
098
096
6801690606
0
81060881
80601860
9661860
611
10699
89
686
66668
08696180
1069091
18910
910080
6
0809800
10168990
090966860
1081696
8996018060
088
889611016
08890990
80901
8819006961
198916009
8909
6190
18
91
9996881990
106986889
80800891
00018866
16088
86098
6189
810991011
108
90119098
081
891
86
1011606691
9
9
61661690
6008180110
8996100601
1
991
169161
8
9690911188
880116098
0891
109086019
198619
01191009
001609018
986698061
901
8898688
01
99
161896
0
0
660
10981
11688906
8900
901166
61
8000801998
619688
6119
98188111
699
6
1006098
00
90866699
668
88
606
69890
009069106
916000
6688809
11
006866
61
91919
1190801
6096601
16060
096990918
88809880
0901
68006
96016680
8890906181
0806600
096091
1608860898
9890069
111160016
06080
6181061
00
10198
888
061
9868609
081190
0886866
9096998988
10966
01989
6900619668
0088001
11889061
1
1066809811
60
661800869
96608
8
80966
19669
00669
9119
11
0
06890
686011
09
96969
09
1096619666
6600911
0189189
801110
1991066689
0
89100
0
880
9919666199
99680610
9898
19669619
1968880
8901909061
60
61969609
6989
0
80
801968961
9106
9801860919
906911
8698980089
8
98616961
96666
016899880
18896016
6980
610668
6
0966106
8
11998
11188
900096981
99911110
1666061
10060
816181868
0998081191
661989096
0609066
06098
11
88906689
1866
0
10990606
00068990
0990608800
68
91861
9908819690
1189819109
168169609
1
1608096810
66
89600619
0001
60080
0118
11
109691661
6860881689
60
8696188
91
1901909
08
8886
9996619
1886
09966
000
68680
1196
860881
69981
61
6861660
0610686
968869
98
190
8861986989
10989996
0
9816686190
96169981
6889
801096
10681998
96889661
186896061
619016
6816099198
696
9990
668
061
8969999
6
91
006188
6881
10916011
06
9816191160
9099109661
9011991
09689
89168091
606
08111080
0
818168
89
00008
6100186
181089
9966866606
9
8661868080
1889
9010
06608086
18
8116698
1
809689689
9
18886
860986160
8689980
60
90010011
166610
1698118
681
9018191
1
80
19068
669898
16
8109
11
90118
18108
99
61989
688608189
988611
6860808
911919698
68906096
8609
99
886819
86198
0096086988
6818888980
809016666
819889
81196
186908
10
80019
01808
0960008089
9
6
1109809119
996
61181
06661
18698891
098169
189068109
019806
6101
8
918811
00098
66819
1
89
0010691116
1889066809
9891601
018011986
81661011
889699099
0169
1899681919
10110
6
9916801198
8661108
1600888
68686
1981109896
0016960
199690180
681610
8869191
688016
18
1
908606
68801189
099911906
0869889988
889
0691
0918919908
8698068
169668886
88161089
9866010
96061889
61080
66
06
91
61686
9
09990969
109966
899888
69688
969909980
6661
189688
89169608
1066098888
686
608886988
811
896
006909066
009
6
6819088986
0019981
01
66191809
0880116
690
9
916800100
98118
816116800
886801
800990018
9696119
0809
88901669
11180
86990066
8161160
88869689
690
8189186998
0180
8696
616919161
69686810
666
698968
8998910
969681616
11
89188
881
19189
8160060
1601060
101991001
1810
919
00
990810
081
9091
089
86
111
61991819
6108698
0
6890
10080960
0860881109
0110
66869
80
068
9
169881899
86816881
8960698
18
0
99
8
1
8608018
8886886
1
10010816
6688618119
8
96
9119188616
0018
88698110
1066009990
8160
91910
09
88618991
066019
6900019968
89090666
80
898
1861968
8189160
6888988
199186989
6199980
008
808099
6169000861
19900
80819961
169
01881068
86611188
8861191
99119
06
9
8018800066
09806998
0618960088
860
18
6
9
81
10
61190
9000689
966961168
616
18886
090
19619
9
9909116
11
68619880
08
8161
96866896
0900
661698666
6980081
0
919
6181
886
60810696
90601600
09
19
88119910
9696
19
918
80908
6808
91916
19088
8161868
0880661
990086981
86898918
6
66991896
6696806
019
6
1916808918
6186960
8181096088
80686
8196
1081169981
1
686991
890966116
896
6
8
1666986
9001069
880990
861661169
1
8
6666910806
08198660
88111861
60
68801
8008818
80119
19660
89
8091691006
911080
8666991808
918860
86190660
1868
1666969
809068
08860
19001
6996
91986019
0
1
91099918
980869
0
10980081
8089
8891
18899
9886
9600090
861198908
86161000
66880086
1901
0806199680
00668
6066618890
6006106988
90600809
819
8109068
0
699
06
9699891896
116801100
888668909
999
89991
99090880
1198068
0991691808
11688886
69068
086196
01
19116
90660
069191
090
68801
16
69999
888008686
8188196
16
00861809
6989
8918
1190808909
8809168
819019881
680966
660
8819696
6996
699
096691068
88891890
9699099088
91990010
9669
106689
81
06088
816
90
9989888
986
189901696
6806698
80
060008
660906191
8818
191
11
6080811
680610
6999000
618600
199666
6190
0
1
11
09169688
6
860
668
98900090
08668
80898118
106016000
81966
6010666
16166
81681019
0
8986819910
989666100
898181916
8880
118
699119
9681888668
916969
6001690
81069
669
680086010
800960196
9618688698
8980066109
998118910
018066
8
9909091161
9118
80689606
608
6000
99101060
11866619
8
68811
9669186
18
00
661119969
8968900069
866
080090100
1980861910
099691961
18
60861
01919
6891019
0681168
19008
00198889
969810080
89011
09088690
1866
06
0618
06010
6180891080
1061196
96
911
9181089696
96119861
08998699
1101
98119689
16160
166
1
18089
01
9006806
8981
88
8696669801
9
069101
9999
810069090
188611119
99119
919
860
99109
096690
91181
8009166961
1900
9698999086
9188
0191019809
9816016668
80
986
809
9196181
9
96
81968169
61
608910998
0986
006
880616689
09068816
1681
898
08888
09
6106066109
99608
911
9868
019
09980668
11806189
1818
899696
8690169060
1
89909680
98
888
91880
18996
8160609
86101
08108
11
698988
60091811
6090191099
6006089
9896
89
9
96600609
61
010808
6919
0189800
118
81
8
86116
60908009
0
1098
90008
80108199
69908690
8881
696
6
09610
6691616
66686901
090981
619100
1100191
60811066
066009011
981089
6609010986
600190009
0668816
9891969
9
0098
689196
0161168
08
0090
9
190106909
00
61691061
00906
8800
161
819
89910
96696980
0899101110
9
90069091
06060
189660
090118608
90009
898006611
8609
809960
8106860068
9980991911
619
8
89109690
8119160
919119600
966690061
0
860866611
00168619
098816998
91
1908996968
8016
160008610
0806601080
91
001066981
11989
890008160
6000689
611098068
18661
11680001
91
1
0160060819
1
160
1618689100
890989
888
6169019089
8691
81968190
81
010060101
90
9909980
16
188111118
8961906
68
98869009
961
6100
89166
689961
068860
1996168
060909891
16901
6866601996
091900
1060908
9661
986680
16
88
1898691
8891866109
0909199110
9
66
91018
968006116
006101
068698960
8688010889
006116180
881698
68
9116990
9916088880
90066011
009
99069
8060666
101099889
910019
0996
69680
969110
86689
019686
09
66680
068009
16198190
9196006
890
916900900
68
9916
669
889
989999801
696619060
6
886696
9
68886
1180809109
19
08666
60900090
68
11
8808
190
11
8900
1019196081
8188989
9861
898086
181
1191818819
99
116999
698191888
1869808
80601
809909
6019
1886098601
8880
08616100
0118
6616081818
660
98
196
0199001680
8899086
0
169861961
1109196911
1611
810698988
961091
9860000861
989199
606609
9981996818
199
81661991
9
060199
06810
6666
8
0060006
8666688690
9809609661
090
98181909
909699188
1889
960016
061
11886000
068969186
8869909060
909
0809686
10
160
801688960
9980861688
68
6809
198886
00
018986
1
1996816118
16811
908191690
80610188
1101119
109896611
60160011
60861910
801
80
1089
999619818
6610699
61
61661
096089116
116
980908
00890118
808169
0890168108
60616
1
1010098000
019009608
1
608698000
890809
18668800
80999
1018660
8691
0968608
0869199
6818
0096
9
919098
9666909
16
688161
9901
8
9089860
0868
6918
961801909
99819068
0889
8680
698108
99810
998
61160
6908090
9
00
66091898
1101666
998880
66961690
81
98890
1
00900190
0888910980
999
8
6811108610
068
698
68008
0
9889
91
608109911
06
9611906
196190089
9880686
0
118
90088168
8
9006800061
10
99909
1000961
16890
000869969
6906
189816886
069919066
8100808109
610916
1698808
9016619
801091960
80619909
998
9669168661
6696906968
8806916606
180069198
119980609
80606918
00069609
960619
1809196
6669866108
9009916616
68119
9096860
8
6969699
001911
6916190868
0611880086
698
890
19
10099161
1
10066
6096808890
8
11808
809090981
8
1
81991
89111980
0008
686100981
9809816608
860899
6901
81
99860989
0900899
99069
0166
116
16690
90111106
80
18866109
9080689
981
8001
666100
019
9600906
0096606880
8900619
8686910989
96688
660019
8
8
9966808
0980066
89661119
086988
1116869
0199199
8198918
61
099861
01819
11
68668681
81960990
686
0169
1966109810
991160
0616
9
86
0809899916
96618699
1689
18
166
06
6169089610
6990
88616
099
6
186901
1166811
889899
89816
888688
1610001
8191601
9818
899916981
6119881
9
9919116619
6060
09
169
8610891086
6010081
6108
16906
0
8609080
096
8969091
060986
890
9
68888818
19068
11
68601000
68
180061
10101886
118108
0966
118
991
0189
91168818
8991880
06
091
981
619088
81
100900
6168101
998181
8
11990
0818696
1996
9168016601
18
9901
9880918698
6189686968
9988880
88
8
1086166
68099
00918
8800
988811810
99681690
6191868111
9611
6601661116
8968
0686
18961919
80110
86
909
1606800116
161081916
6811668609
1968
9
869
868809
0916
081180
6009689800
9698866
1
16688
8996
099
66
88808
86860961
0160006
10660
0916619010
1000
068
910689
0
6066166
619999
8668898
6961881686
098866
9
196000
890066811
6
661086
1169886
681168
996889886
89100
606910986
686
11199
6
9661618886
69
910896088
91608980
11
0801
0686968
90901961
06091806
98
006118
89110900
68601
816
110868968
98680169
90161
1199911009
6
189896
6080
899
8980888
9910
8106681061
001816901
18688
199
1889
60619
1809
890
0198
1996819611
019619889
810119
18
81090
8609
6101
818801
9086986860
666898
000161
0916608006
9
8901
101996118
691
160660
980198
180
8991
99098
900
09
691806990
10886
0
111
1968118606
061016
01666116
116111
0
0960809
8811980690
99801
96
0991801
1916088609
0180988966
89666
619096
668881990
866616680
0
988606
1811699060
018991801
069189
00199
0801119680
801
96808808
909880
6
1916
881089
8
68906
091016
0061
9686810
888616
88110868
909
6811
1181981096
668909090
968081111
669
9
681981
191008
1619
6908999908
09980008
80601
66190
000
0960
106619060
600801101
011096690
1968
00696068
810606086
98
969
119199
1611811
019880
889
08069616
6968111869
9809668101
6
0
6099
918916690
669
0098968
0166060
6918606
0800019000
101
6106689009
89106690
999966
198989000
900
6666190
98896198
8196
66
606608
09
91
6691
91819
818819619
106860811
19116916
8
1009908
1681881
009091
080981888
610190816
1818988
9
8606088
0110910
89
681196
69801
1869880
89
0
868188110
106099018
9090
88
969911
11
6018
6996
669069
9180110619
9019888800
809861
1
099006689
06
060
66888010
1
0
69
689861166
9966
0
996619
01099900
08896811
801809
8198616
669610800
8096
080909
99986169
688
8160986909
90
8
8
91111
880109916
66906009
8009
6
9101086698
818661661
1
81096
196
9908106819
8899
006816990
89
960919
69188
9
96
111
8801091
0019
1090
61111
686901609
9898899
669
8998801910
00918
801066
00961
91
019988
9169
091199686
66
9600118
6060196
8908689
09101
691
1198006
9166
908
680001
60166119
699
68009191
16868106
0098911109
99
16060
919
9
68891989
8811
1881198
8199109
6161986
866096661
96868
6686618118
6000198861
9109098
890680188
9666
8610890000
118696161
0916896610
010110
11118181
89
9881910998
1061
09
6811691
6
66
01099989
9806
011
8699091090
888019189
681886800
96616806
889
06198009
96
60
6881
011611
066160
108099
198061889
6
699819668
808900
000
960
09
180968086
0811088991
168066
890960098
6091069
0098090016
696901
18199
90
6668998
0911699901
90916096
688986990
96661800
688069180
90098860
8
96
198
106009686
0800
11910811
88181
61160
11898608
900006960
0601108
881011180
96119
689011
0
918900
91181606
09998181
9096996180
810
960
889
68081
160
180609
61119
016
69010
901808
980190088
91
98
06691811
8961
00
869188968
906609080
689086890
81
808
6066808
8066
08860
68
88680
1
061060
69
8
069096
8169819
68696966
69
9001966
9960
6690090119
186
81
0966
8668980
080689908
99088
6680900
8980969101
819
86096
190669
1019698108
860986880
096160
180886889
89
890868
88096088
980800
1809
1991100
6086
98968688
1006618
0889608
160680911
6919890100
86091
688611809
8800689
896609
66166619
1686661689
6681889
6
161
0189666069
6908
68099
109800181
81168990
106196
0991
889068086
166801
109886
0610669819
60960101
8166
68661806
6961096900
8
10860198
9610
60
89098
6696
9
19
9806
0116
1860888
806
9
68198889
9991019608
986108
16610
116808661
1168
08108
81
180609
109180691
16
8619
896600896
8
6999986
1
908060199
610811691
669989861
6961161866
1
86998
996018
6688
616
6
9810986
8018090
616
80986116
109918
661686161
9660
01
00
1001960
0801906191
10600088
0909688106
998
669900
68018
900
9
8
890899696
60198910
8800
896196
908
6096199660
08068999
66101
99160
60
8008191688
8606991
89618680
0169918906
900180899
18896869
18086660
89
816698168
606181
888610116
16809
8166986
18
191061019
8
9910160
866011
89008880
819
806918180
16919
168680196
60919
06699816
610888
1961908000
0616900
8888999919
088108
80008
01866606
06
990691
0991918818
6100061186
60669990
6696
19011
808
909169
69001686
616619910
600
6
6969888060
96
0696110
0698
6818080089
98190996
116
06188908
61811080
9
00999861
1699800861
186
81918188
101906
6611919
98601
011
911891
088691610
1989
0968
091191106
81
86889
06668019
9180
606109616
09800060
0099986899
60
11809
9909089619
91
1969
6009866889
88166189
091081018
66668601
189811169
66618
8109
6999989169
966
8
818
198861108
61969966
9080
69166889
99910
866188966
0866888911
900
11
0899908060
8
00816
96
01611111
6689
9081
08690
1086
608889
990696
1991860
061
8616986
1961
619168
10
08999
018
8169106
006
810189099
61610
68696
9990009
89
101
16068989
8919099
688098
01989160
086166
6609888
8061660688
91916
101186918
6
688899608
69819699
90
81
1810198160
60190019
0100081666
60198096
06611660
90900866
80800
1886891
0
61881
91906
18001161
181811889
960
199881669
0600019
9866988969
98
969100
69
8908611019
10
610888111
899
098668818
60
10698
9010811601
9681
681886
11
019
086
810060689
000610
01
19660
89888
1889116
09
601
9198
106
1008
90
0
8691096681
908086
11
108
091
1616
8661
006
099198
100999168
198969
196
01699016
01
0
006
6809
910969868
0888666
991018
09
681196
819110988
19010609
660068066
0860
900
998101989
91116198
16918
1
0
9186
1989
00118986
6990868001
891818
98968
118
80891
801008011
88010689
9919
81
89066881
08110691
01
109
1
96068680
90600686
819991
1688861
916888
989
0
9009096
1
6680080
69819069
80981910
00166966
9
1189
6818619696
009868
1816
8000691
0610066008
199
9999
088906
19
9000960099
990199
916
80091888
690100806
0066
8661991601
80
616188008
881001109
9960
8168
18
00806168
0
6896096
600811
60
989016669
9681
106
6919
80
6061688166
88888901
1690
98
89688
99166
10911
099
80891890
16
99
1619081
066891698
690
960
6096
6000
08819
8806
696960
810816
9611666
19
866
8090180019
009611099
968
89891
8661866
989169809
9996196
19
1998610688
901810866
90916090
9089688990
061
8119899891
6199966
889911968
9168616899
18
810899680
90
60096
90808699
89186
98989
61
801898
068601808
1989900
001918
110
091911906
9966
889891
9698109869
91199980
08890066
091
061000891
696
08181
11
96996
9868961
96699
8980611
6668
6061
1091008908
8
861
918
818
086101
8688066198
60061919
80881
181
1609190806
18
01
686168
6666
6
919190089
069881691
919681
1080886168
11006809
1980666168
1919
661
9861968
0668
189616
90660
98
6891690098
9911818
80809090
101990089
989181180
918806066
9
08186
8119900108
110901
1006669
0688
11861
0660
1610000
11991
89
8609
166008981
691
8006016186
668961861
80169
16880
19
8880188
081096
6999
100118
1
6810180880
6099106
0018006866
669601816
111896
1196991
960
899616
6990616
1909010869
1969
806
980088081
8181988
8669
0180
801996080
0861101
109
80
890166
891606
68968
1
09966
66986866
88909
899
1168
0
988690089
996969689
810686
88908
16
91810619
01
88
18690
619
1
9181089
0
68
199161
9988868
886808
66601
69896
090809
980
1896190
8601100990
0918069
06899681
90
11016
901698999
9901019
8
99
80
011960
018
910
681899169
9806098869
9
98
019
819199808
168981888
899618800
6906899
90006809
6886818
1918109110
89896681
68
61969080
06690
6188
610180661
66
166
8189881011
8198168988
90008
1086
8
6089
181
6890190810
999166
966
096
18880801
80
9190
060
69960
6116886
096
6116061601
98
180
9988911
680
6011688
809
061
9169
0116018
006919866
1898969
6909
996
868808
1086
18
609989
09699106
8609166
61
898981
9680891
890
8190610
80
988681606
661
680801
1860899008
880896911
81819188
6691689686
81
9
0861100
0068
98688
6081911
09698
161016606
1191118
111
81611
1181000
80966960
6901968
088
810999198
86169116
0
698
06908608
6019
66900961
1608
89968
06609600
18696
6019190
06699
660
60811911
01619
111166908
98
9800
198000110
8060186
818060889
9669160
61116068
8186099880
8886110
809966
9880
018019
89061609
9190188
66109910
180899069
00899016
0699099
6009
86691096
1119098
8
98181866
6669669616
0
8
1999061160
06098888
66
999861686
99811
696061
10
1889619019
86110
066
0
8908186861
189960061
88
9
06601006
80
1908100
89010
110806
96066
0900
69189
88
609909
9
66069069
168609816
608199
868011
816619
019886
90966999
910
091909801
1619898
086099681
099
810199906
1091691969
00889
100198
16816180
9608600118
61009900
106
8
80
61001
6809901008
160081868
9606008
99811118
89
6886
009
0161
688916
681
1899680
8161
60886808
6
898686
08
198188186
91
68
0
006
986186
19066166
81010
81
1110106
69199
186
61896181
1901
19809990
6610811899
0989
816860180
1
880800668
68
81000161
616
81990160
998101911
680011681
110
6681
90
9190080
691008
90
16808016
0019
889989
960160901
8680888108
699
8618901
0989
9898191160
88
9
60896900
9091691
11016800
900016
61908980
088618
166111
860988169
9668
616
66089
8066
86811199
869819
1161
1088
60081180
1066816
018096
08
69
9990069
809191
89909606
910
8809999088
68918906
08
9810
9898086118
6691990
6981006
069
091090
0960080006
869
988609
9
91916818
9991
08
16
6809
66
089610
8866
681
988980
110
090100809
11
18618
8
116
9909880
961018119
8100061961
199816
11809990
198
8186119980
80190
61
09
11009916
99619
8860168111
1
0
6980
619
9
6801696998
8
16818090
00
6066180
8010111909
0166981
899660180
9
661061068
0910
606006986
060
6696
989681
1661689998
8
8661118
88
9016101
6618106109
188808
600
860
899690
9006066198
89869910
188616886
98991
1
68016
10819811
60091861
0
8
9
1089861681
61
11681688
0118661
189
9098
8900608660
8
90686
0968990
88061
8
8186
896199
8801900
1
181868618
089
868881
186
1
9119966
9696
09
01
098866
10
0608890
8986
9
96011990
6661910989
066181
61
0901688
661619
9
0688196116
9
09991
6109018060
189
91899006
9
0861908018
9
99966
6086106086
68968
881
0081089
11918
98089989
98
081900869
080901
0696
68610011
9
888
1809
9060068
9610
9011
01
8666616
80680
189
9119606819
891699
1196919910
6000880080
01
81886689
008
081016
610681686
8068180101
0
8018
609091869
806008188
1
9809896086
99910661
86
1811
1916010
900696098
01911
6108016888
061688806
06606
0686601
9
88
1986889008
8610099011
89008
86699
80
060106
89
009016
0601988196
801
9011068690
1860
8608
9816
16
9
8689698669
8
19198000
68
990
18819009
669
108090
0
9
099061
60
606066
66691860
0086
1611
116
9001
68169909
086
08
91019689
166099006
691099968
96
9866
10
166988
108898
80000190
09189919
686001
1868
81198
9661906
98
6660
081880
9066096
9
9
618899
9199916800
68199101
18661
1910816819
8
6008
06989
6900611
81068
0916
189
19
889666606
10000
669818081
1
610090808
9
9118969
69
101
09
8989
0000
9160619898
088991
96998966
91008698
1019
688060068
00
1919986900
688118900
6619096890
0198808069
08616111
1066
698019
80008
801
601
81
6111
9988008
108
001801
68661918
6008989
69110168
1860090996
066
86
186969009
8191189
11880916
9
8610890898
8910
880186890
69998096
9009
688888
901810689
1906
819190
66801091
8
6808886
66
9111
1861
96
911
90196888
98009
8161
68881811
09811
198968886
069161
0909016
89
6810161
986
89
61
8968108066
680109818
68969888
900888
9860198089
8809691
9091668
9880088
816
00108118
8989668
011
6010
96
888
89990
989
8088616809
901
619
080600
160089086
08186919
909106018
9606968
6896096900
8
19986010
806001
106
160916
9991811118
6089
11601811
191986
9119
1880
08911
10669090
9098
199
8119668096
6660
008889066
1980106
61990
99618188
10108609
966
198
00
1
066619098
8
9
0681
9868169
06681981
09081060
60
0996
00899669
016611606
060091110
181900881
119818
161699
686
9969081969
1
1068600
0908968180
909698196
080911661
60106
08169809
8
16888988
9
99
000999
06016898
0
0999880880
11868
0188691600
011091
8686168111
8
81881
868110
919808686
698
8668
881689111
1889018
691068
88081
9011660
0
011999609
6086680611
69
6001
981689
9
109
098
01916018
1611
088968
00908
96160808
6
681698060
6890988
199
8800000161
1989969
6011
88611169
900910
90101
01911068
6891
8
8
088969
9
180109998
666690
98991011
81016
9
6681
96
0980691
811096060
1090
080
9680
080108
9866
6019816001
91
600608
11696999
680919
98699109
0
010608
118
6660
660
681
8111
9
9616908
011990
1896
69
8908669
90
988
990
00860
898908600
9999908618
6
89
986688019
0
816198181
916101086
189188819
006888866
91
9090
0088810698
0668688
69890001
9100
86
9996098
86
808
911
10890999
108196
610199111
969698189
89
6961010
01
118106811
66
1000006
18611918
6160
609999
01809600
69068111
0
01868
118608
11181
8006
918
01
0
668
119
19866109
10886088
106
19018108
606001
118
1109
18
98099810
8089898119
10810
998196901
01091699
89068016
8019916
99686
1618
180
9991
86908
819
01889
6909086688
1999169098
8866191910
8
669
681880119
69
6981601810
09666806
16891009
8
6018
1616609090
1991696
0
1
16868869
810098
0990011099
88818109
69
9108
1
090180001
611
1898
119616110
6181
661
16
916988
0919180
6006
686
9111000080
1896610601
111818868
00010
6188
918090
90016
168110
191681
091861
160068981
966
0808996
0099088
88
6896
1
998060101
61
66091
69969108
118810
810
98088
900916688
8800
600819
018901
866811809
601616188
1066101861
988
8
6
8189891
661
89899960
9019088
099
910010
68961090
1006
998
699690
1
0
081991868
86
9860908900
0088
8868
88168908
019
9
816119080
6
8919960000
19960
800198
11
1010916001
6808986618
66196191
910
0680
816968
6089668191
11609606
96886
06881
69011980
101
9
861069
0180119961
9861
060
00016
98666
98
8091168
0919
191
1
6
8086
09160108
86666
860199901
1160
686111
98118918
8696
60
6010699
0
1
100106808
806911
6106619
8
66186
6096060
0690810686
019966809
09810868
1
0690919010
6
196816119
8
00
100090
6681608
981018
96
60
9086
8199066
99
81
0691
6606
1019896609
699998
600
018999901
1
61999
6890660119
618908080
9010818018
18010
19660866
096
100
819011696
8
0888090889
189960910
99818190
6801
0880069908
90868
901198006
86
91968
01619
1991
6909801986
1
99
8
60
0896909061
168
8109998
016899099
181
91
660
880
8881966906
1888666899
98619
188806
6169989
18618
606008190
689091809
6
88818181
901
18
0
888
96101666
860081
8009
86
619819
8996
80
106801
90019119
8
1608
1660
968
88601081
089011
916
0110160886
688186008
99680
1
0911
16186
18988
890
00
9110
9068
61
9061
6866
60
11016
666
999
61
1
18
116
011689890
016188816
110
9
10009
66
168690190
0
908
668
081898
169
6001008
66168089
0808
0980
1
090
001881009
9600
96900819
819910
6
00081
0
08008
088869096
08680006
11
1181
600886006
891011
9680069808
66989161
661611
8618
9
99880809
6698919906
081006
18
1600
08090001
9
89
919
9691019
10106
88
189610
10911116
86
890
608
08
1
60906
6
81
8606081
9
181998899
86818
6
009
618
8069896968
1869869106
969969969
0
09969090
606669911
6801
1
8066068
96619018
661611
0996811100
99861
890180911
8988
1601
108618861
81966980
9
0896
10808801
6001181961
1006
0109968
9
0686
116600861
960
1091681
0680089898
68111
90661816
998
99
996
6088808
9108199811
10018810
11909118
60699668
998016
996060
98108169
8090668
1
60801908
9100
9086181
9610006
9
81100898
88
60896018
0899
6
9888916
860998098
61889
80918
186809189
6961
1
090969
066881109
6969
89988
119
60888186
90896698
0669
616
681
8080
06
611696890
8188868180
189999119
8
80019
1091669
86899016
88608
81
161
091188
08
99
090
9169089818
1981166091
689916801
1086
0
8668
609811
111189
9
661
600601681
80910810
8911988001
69998819
9966916699
9016069101
60988
969616110
0608
00001
68161
9096
989606
6119069
19
0098
0891098
188890801
6890
8681
0686
869180666
6990990
611101616
61
606088168
8
1
698606
16
699896891
01889
8988061689
060110
969910
8
6066660888
10198109
91861
016
806906191
80110198
606166
09
6999
6611860918
0891088
8
808
16666
86
189060696
8608019909
9188
11818861
88891696
086
618019188
898818
11160996
9196180
9699
169
8809860
99060
8169891919
0898066686
0996900
16
018619860
8088806899
9
896080966
619
6
08
0686691819
189
08
8891
91
10691
189001
688808
11
90988111
6019
8800
6161680
86
1
191
890
11009691
00886
660010681
91989
16
911
1069161
001011119
96018666
8199
181
868
191188991
69991610
1868
9010
69066
00189
18891896
668900689
9
011610866
011696
818
868819081
9110961161
069896601
6108088686
801668180
8601
9866818
86
6100988
169
180
089
601
16
0
01
089196
9
89801606
1
910
10
661019860
18
088
9806696669
61
90868196
1691698911
68699969
9090008
88669800
919669901
916019101
8
011
689
1899699
666081611
118
89890
8191610
1
900
00899
9008109901
10988
98810
6069
10080
91
998
966180
19896196
080918
9698
61961860
66
18168
9960191
0096808
189001896
6100661
86069
18
9066690
9191801
616611
116889
01
96
811911919
8160819091
1186098
0860
610119119
989690
009
80
9101101
0110
9
8196860
8199
906810
9669808
81698909
808
01
6110
6186611801
81
8
889189
660
0688
18
96968019
8811081891
969988016
101
68
0189809
9
090080
099800
0
0900990968
99816019
0689
01608818
6800
601018
91618166
61
918
9868610800
198091188
6196001
190901
1980
60
006
0000089986
0668616
1898868666
80869189
08
8
9006618
90008106
96
960010996
06
90911
011919819
8
990169
9969
80818088
0801991
91990090
11
166061
106680
919980
6
8
999906
108986106
1969
8199
919918
698
6886
910
98
68819910
1988091060
9866
6
0868909
00160666
81669
91011081
1
09
6
6
969090
8999090906
6
81918698
9980066668
96101869
0899180998
91809061
0
9011060008
8608
999666
1618
9811098866
8868
101
11
8
9696686981
119169
9806006
1
11880
616918
98099081
9010196690
66818
8900909001
886
988068
016181168
9006999
01988601
9606996
86110019
16080666
009160961
801198
1190
0609660
61901196
8806809
0069966991
0109888686
0
6
06
968
8600
1918008
9
0800801
906880
0
11
6198618
8199000
989
9101101
8
68
1880810980
960989
1688660
0988
96
810988686
180186819
110069168
91
96100996
618
1109
18686888
198
60961991
6806
6180868
9619
01
98986890
1866
80
88186961
8099168968
61186961
0196618619
100608069
101
9961
106
9908686
801668
8889916998
6
81168
8
069886
9691
9999
8696980
68698608
8010690086
61060810
00908691
1109668686
8196
18819
9886069
896109811
68
8
911119686
0686888889
88066968
00698910
8
690916019
88
891
9919
688688688
800
80890086
6869168
0106186
691016
8119
69
0901899
1
911181968
068086
0688119160
69981
199188
18
8
896
96000186
6
1988
996889110
90
1898
8661
1
06606860
9690
69680119
0100
1681
191690100
1099961
0118
1969619996
6
90890
6
90
1911600168
6919606
86816098
9
100
9
886668601
1
0690608
9908101001
9106090
601699091
8
608896
0669189880
0
0099991
099
9
01
1019
9099169
8
08891698
01066906
960198
08691186
8668010
096
69968
8016691
9016
099008
1
6990166809
8
811600866
6190110
1888999
11
9
8899190
688890
869
6
98198999
9916
96880888
8918019880
998811
8
116
080098
081689086
908
1896606
00089916
8161
860861889
811886669
9986161
086188
0809860
01868966
0081000
0968
9899
19
91
10
019
10819169
66880998
166606
0999101
90
9
1800
800009
0669888860
98618
6119
19016
109
816891011
180
619
09160
8681811891
96
1911900801
8111981801
66
08910860
0
8666
610118
1166018
18068901
6000809
8889808908
91681
9919
198900060
086
0111
6016696099
969101
601
996110998
1166808
08969989
169696
101016
11909001
88
110811
118
890
891111
9081988
96198
819899801
69001088
1681998
6989980196
8001160
6180
0011861
88
9160
61086
81680
00
8068669
616110
68161
8688890
819
0116609611
68
188609080
0668
868889
1090986
001
986186
06009
689661001
1
910
66899
8699
11018
016698966
118910
1890999
816806616
818669698
861
6
6600181
06888
16
00010190
1881618986
0661
8616909689
90691898
06
808
0981010160
0096810
011190
8
018
00968
1810908918
99
068
6669116698
818
0
106169
18816910
16990
9061969600
1
6898118199
08081
016908619
18616
1910011969
6
8660
160888168
9096
6600619898
881680
018919018
0661981069
1810911
906101
9910
0999000699
1686060
9066119096
990881
96809686
00
0909
8190600060
0089
0681
9601666898
68069
99818
8690886
9
68968909
918
6068
991
0166691
98986191
666068
60100
81016619
86119699
160888060
0
0968618
0981910868
986199810
81891086
966
69100169
168
1119608
90
9866619
6181086
189
8118010
88108
189169198
90691
089
9966991
981
6698691918
19118090
1
1019091
1991
1008
9080
8668110011
9101968
86
9689001
6119989191
911860019
88698
9
808961910
0980618118
6188
98818986
08
99
91181699
9866
08669961
1
19090
098811988
101
6061696991
869
690861100
9168
96600800
89109000
9891
1998
6
1190
91199696
86666660
0680860
911
800
1980
1
68680
169
010
91168
0860081116
8900886
19100
0681009690
19881
11699
61
9
89868080
1966198181
1906
96
8106668
88909900
068069
166196
68
9960800
96091996
1918
6111
06
0600989996
8
68608991
18690889
8091088866
800690
0981811
6196
0986009
188
8608610
9001610
1801
68
1910918961
00
860
690806096
880018
608098690
666080886
908916
00196960
88909000
6819608811
6199669
0111890961
69068
98
06181106
6696188891
180
808
19069866
6001
61189698
18169066
0906109160
89
166100880
9010
1600
898
601
09016
1806891696
6910691000
08998080
16680
11
6016989
89160
096
01110
696
1
0800188088
6
81
166060
660
09
018001889
0
60686
106
1809196
0110991988
196916
66
0168100960
0080
901
69
9866696898
0
8186060
0901180108
189
9669669110
1
081
1616181
0006
68001
1068008
16801
9998091
968969886
6
6101000806
198
068889
619089611
0619069801
61000898
8
06819088
910
8696608600
068
1691696989
088916
19101
6061961
16980101
161
1
89
9
018899
1
91881080
0
91
0910991189
06090661
18
906091
6801819
999100
119
6
9911969
909891
9
061
689
169
09861
96690
90886
119868
08181810
09
11
8110911018
0
669006861
0909091110
01
9
9806
8
6
1169809611
106960
6096
0
168166190
00
889608019
688608
869618860
6808180
01989661
09
099109
06860
8811610899
1610
118
916818968
66986191
9
0668016
199198800
609
110800
0969910811
6819
60986
1886688668
0009818
611689
9900
800900
081899108
0600168689
8916668668
106
890
0
6098109
918986890
06661606
69088816
9616888069
9818891
01
81
0086898689
609
1
1186811
81010800
001
8688
98889
901896689
00
00891611
88601110
0089
18
691
100916
016
860
890
006
88
9180118901
96
986886
168008801
986966608
901
9969069899
6086010916
880966909
1
98
91699091
1
196691618
100
99
690
666660019
861199
16688800
80
806861991
6919896
61
10999960
8
661
680080
160108161
6
888069
8089169810
168069018
09
869
6
61186968
69
896116808
0060001861
699
699
086
0898691981
00800
181810
011
96
8
619689899
1061
880
810889
818819
68119686
69608869
8119199616
0698991
0981
1090901
6991191
0661160096
91169191
9191
0009899
98980989
869908
00181801
896600966
896
69691609
8
69
086880606
1
88918
8
990060
801008
0601919
6
11908606
8608
0111
9
999866090
860109001
89889
9666
0961688618
901
88009
80986006
9190
6991966601
8666116
10
9199881
00
0
8899
186
998668
1689101
608
0911
866106091
68806
011
0100080
61
9966068066
0080
6
08
19
8
0869
60986
60819
168
11960869
811800886
1609919
08
0680011011
968608181
189686
1101901
99889
6
91
1068601
616109
680906189
11800
699666999
6600090
901
698910
999011
8189011
09
611186
1980
8809916
1699610118
61088
99890960
9080609189
9861
1968080680
009806619
001
06016
608000166
60
6
1
161808061
996619
9661606
661689099
690
0886
66880989
81
866901
916861
81088619
6196118088
0188
9
106
809
96060986
99116
906990686
6
16
90880
1601086901
6189
686808106
06009891
90100668
669616
8
986869891
1999
008
19110009
8
896668
6116
6910100
060606861
68966
66
689110090
960969
1998611619
18899986
09968698
0
198818118
0088609000
8901
6698988666
0811998
1010909
88066988
861
816
6816600169
686068809
696
919060966
0819990
091898
991900
0816618810
619090
86600
9098908968
69
86186811
1010
01969199
166966
11961608
891088
6181
98061
0819081861
181819610
99898
8
8886061881
96189091
0
16006119
8
91800
99
106018066
89018
18
1
968
00106
96
896
68
869069
8186660
6668909
168896
1999061
81
186
6990
190191660
01090880
018860986
69989611
0969
608619966
090998
8600886016
9609190
68060
1888018999
960
8066910681
8
1180886
989109
0889190
08
09816089
0186
9
01911
088699
98888196
8880
6969119696
90991919
1806
8119919898
60108008
069
916
169
1
88099
91
90681
166
00910816
60
969188866
6190608
18689961
8868009
9106809
6981100816
666980
8161108898
80
8696
06981110
16608681
8896069
98161
68869
690
88161
91689
091816
06868
6
061800
0
0019
9061801
161118
6619
6890186
81100
91
6986899008
806
0006
0109980111
9601
169
66
0901189610
800610819
81998
0980898
108911
61009116
19900106
9690
998
8
119
896
881916011
98999909
0
0610889
698118688
881
80011601
91961688
1198
8086686
6089891808
996699
68186
160869890
98
889
9809010
1609169
0
81098006
0868819
8098
0680091181
09191
8
90
6
1961
161881166
8969881
6166996161
9696
8196919
6
116
698
9008
8
8810819610
110116111
819111
81616011
80
8906080
61
091900618
8989690
60
1
88006106
9
89
166
6980960681
1
1
08016008
80
0119810
0
880886
16168800
698981
606816061
61
060
8606180068
8
0098
18
81
6
080189886
10190
0868988
169011611
6
8968
18119810
6889
80
09
9089069006
981690
68
8909686886
699
9
611881
80888
08086
860169996
9669108101
86
08199166
1
8890010
6690
008606
6168009
89860810
998169
6066
80
86868901
890090
0880
908918
69
1116
999660808
8919089
9916
816601698
81616899
60981696
80
98
68861
681
68889
80
868998
688
19918109
1989689
191189118
0090181
88861900
8811
8881868601
98
90189
0086890996
18088
808166
0
00986
91
81609188
806018
0
669898610
6816668
111180
999668669
10190991
6
886
188
888118
919
19
898
06699
088
18910980
90108606
60600
981009
61808
81
696881069
688
6
699016186
9
9
01
800109011
11
86910988
086
8
18809
8090
101699006
0681
16
698
90989896
0669909
6960
981
6999680
9
911
198886011
6
196060
0168996
98668
61866606
60808
89
900186
6099
0868806088
66960
691061896
1
90
9
01091600
90181
08119
919198
118
108669
109186
8608106680
88891011
99
089088019
0981611
089910661
0016
0966801
6600
00818111
9089
9980008
198
61661
8188609198
6896
60186119
8698
18
09960
106
1
8181696960
818906
9066
601880918
009119181
6
9
1
190818096
009011
6818
01180
8
1919
6
88
11100111
801
98660166
8699101618
01
0
8089
998
96916101
986880
6
006
61
666190
119969
61889
09680186
069690090
89888
960889
09801
916
1806891
6890868
0161880106
181689
11
199990
9816008089
86011
00081
106989866
00198969
16916
900
6880
8600899
0998
0889618191
19699890
80800
66
88000
818181608
8666809
9686919
0
186661
116968
9666866
80809611
9660919
88
908060
88080911
1919960999
96
88008816
9
18686810
18110
9996901681
991
16
9006666888
801880
0086001808
8
6980
09098
61961800
0689108018
6
6809869016
908990698
691198
9166616
690161089
69181888
1
68688
116199699
8
110101
801989
06
80101109
8188899
066801896
018
61606890
08916
9
889189696
961
96966108
6918690169
18096080
998100
9188800181
8088100
0681089
8161908
6001
9018691
6801119
6091918
68086
6100919608
918618
8691096
91899991
01
1918066110
60080680
10981
0108660601
9108689
1889
81699666
918869
99618
01818
001969091
0861109960
081096099
10
6666809
6161
9
819811
88
0019611119
069691086
09
60681080
9
1
98616966
1
6116
891006616
008189
9
90
09
160806
6911199
1886
98619
89890
6181
8901061
988
00
1991810680
981110890
101
0986801811
16
0
8989896960
9169181880
69010061
0
0081891
688
81999
999809
998
8
8986
181969601
0699
1
18
89090
01981
911190
1860610116
1690
8666
6818909
80
9066
080668
9
60
108886061
06188
0
696618
818
161009
8
01
099690
6091
90116868
9118816616
9000
1089801
0
8998866869
111680090
6991
616
1660
969
86690
0991
6669889919
611
6868889000
960161189
60188
91901008
0006
088
86169990
081016601
006601
66
898918089
9169960
89688
6
08889168
9
19068690
6161
96116088
098166916
6909869
688106068
61
9808
869100861
1988800819
09110981
80016
8
669606689
1818086
1680819
1601
81
06860
00696
9069106
0989
80996
0191898
0986866908
191198
08
60
10006
681
960066
0191
9600000
898968
1096616806
000098
186
090886
8666
8099611
960
00
80609681
8
1
8608
96
01661991
010199060
19
686
1166088
8
888818191
0808068610
869
6996
199010068
996
019099
919
186099800
08908918
6
69161
91960119
98866
10
908696806
06
190880910
69866110
98008
818
9008
99691
1118610911
999196
08
16168
0601881
119
010668088
816
6
968696
9888191090
6
8666198101
1
6699981101
99009
908018
191909689
6116018
100619
198968981
80019910
0196906986
68
860801
8880691860
6669106180
000196860
18
168
09
0910196
10
09996
8096
1886
6806008099
1081106101
86068
166980
0
611198
81
18810988
9810
069
6661190
6
1810
60
68111869
9018880918
869
188
9118980996
09696901
688990618
6600008
01
6
60090889
609666081
896188960
811116691
99069
6188108898
89900
01800691
06
6896816900
90611969
166
0161188
609900991
0869868
999980
6606
1
1619110
66819188
089809
00896
919061681
98960
8199818
66000901
1
6091
1696
086668
00
091100
868998
110108099
1910
8060119
0989999
80106
0000998961
100091890
808810119
9888889
8801
1609001611
99198006
916890
0009886
9
908
69699
16
98800186
89
0969988601
690
60018919
8680
661006800
0810
00
6
10
006
0
80
611
116806109
8006
8081699006
8000961909
81006
9089196900
86901009
101869101
99811
81989680
980
990006910
6
1
669
1808961991
086086
9081689966
9006118
9098180
0016988
9
0
601698
196
001988
90986
66806008
188098019
088691
909
0969081
081
68868816
89899019
118619
080
86968689
116016881
09888106
66
161116086
91191
606080908
8991810
99
16811
01900818
10986866
9
109168919
08981901
080
99800011
0
6609699
6006618
8019
6
68899
0
099199
0109090861
6601898660
6888999016
989800
689116901
8000818016
6180699906
880806
6190100186
98
680808
168
860811898
1090
08809890
18998191
060600
10
818680
00800
89690196
009619060
898861810
866
0
881106098
1
100661189
8019
098109669
06908
0169981
99916
81
699
8661080
011980816
90016608
089081
1
88090
081
1
680
0
669
0108
11811
8908
9606008086
600191989
6800016988
60606808
688986
688610
8911880
9101118680
001
8691610
681681
006106898
8
106
10999
9
811806901
11
9919090660
61616
889116806
09996
01996
8901810
98
1
91
6
90866009
190
9110819
6969810161
068
991
8
11906116
9989816
680189611
809
181886016
96
90806081
8869896061
196
9889
6089
61
868960
68
80811
18000
9989
1869
18110118
16991
018618686
68866919
608868911
69918
96089991
60069
681
1698988181
198
9861
9001
969819
8890186
1900
998698981
9890810
98
600
01
89
8690
908098190
01
96
108881196
969
6888669
89
1688080880
110861
68681
06
19
9680890801
091806
0
918
06166108
80806
9619989
0
6191
8091906
66099
0090901
6618081
861618996
181699600
668
690809809
166
8100
160668619
919619
99680966
9166
018990
88061919
8998899961
9166696
011966618
1866980
099
99
891
6186
198
1869
0108199
966190
601961168
891888968
8188191
19
8611868106
8808990080
6999098
966
600
988090
1908018
109800
609
099980989
80
111
61
8
980980
919008861
1
0980
1
880669
18
66690890
00196
08198600
00808106
9910909988
680
1
9
90
16966618
1
881601
10989119
9689991661
8166
9669
0800660910
06
0669081
91198961
9
0699161
60
980801909
608968
96
9680089600
086109980
18008
869161
690880180
6860866
619008
81869
8680
089
6998109
8
801868
6
908669
691
081901660
1
9
81810
8008
9608089000
098
10169960
966998600
10898100
9801809
810
69919
90696
186810
689
908996111
88
19
06018
1611
89180008
96110161
0916
68010189
991198988
066686
9
8011699
1608
88090
66
0960600066
616891691
801
86960986
6986900
9008
81
08661600
19991198
09990
899106
986606
0111
801880
600
6
8180910
60091
9669808
606
81
990888119
88699
006
8960
8986916061
1880860106
909089888
69808006
81060
1661098111
18609189
09008
90069
866668
6916819
866
1981018968
90
608860999
969081688
00180
6889989
081968610
96
110960106
680
68100
960968189
980668610
666110
081
9906
9681661819
9619869669
8088
116196806
08
868
10010
6019
9
11998610
611681808
811808890
098088661
618916066
8898986
60619069
6660181
61689169
68
6
60016696
081199
908
916686
08
6696168089
16
09
0
00
180
966
688011
8008
888
08
99169
09899991
1086198
16090
080
161900
1801998100
8009
9691
600189188
9
9
896
10160800
9800111811
1911
0
160916809
60808116
8101108
981098190
890
0688999
9801866669
000806
1891981
660088
680888
191919199
98001896
6609698
0198
01606
86818
960
98989610
961800089
6086
9908
1101
106
9
86
086019006
1909818611
9
19
099816008
8101998
11999998
6096861
00866
6681
9910911888
06091
66898
1
9999
81
09060189
096968019
8
8119
166091986
6819
9680091168
0069698119
0
10101
11916986
6996
1911
18
981
9
066900
88696
069918199
86
90966
6
899
8
0968611910
9898868
96916109
90
0
6008868006
898860118
0616116810
9
0909111089
6
6190690066
9681
9961
1896908609
089
9909809009
8
966999699
0109
1690166
1006099098
610086
86196868
16609869
89
8
1880
68
10100
199966100
08
908998
9168
8606010110
961
6098
98108
60800188
9819106611
86098
6
60
696
660861198
068961
098886
8661
108019
8199
80669010
9689066
9116
99696980
1906
106888
106901
9011818
9811
9081006
888096
000
06898
08689
16
88991966
8901600
06609660
0906109008
1999910680
90116
6098881
8081680
81061019
89696
000099618
9919
901
6961880
0800
6600889091
18100060
896669096
6161
1
09110816
19
8
881088
69
8
6
6886811
98
1909608
0698018
90009660
00699116
16916
081089
168
898818608
9116689
98606669
11089610
0816
8
991681
1908666
0
8969008
68
086
06096
01180
96899
96686
091
816696
0
8
991
06990011
11
9
6
989066
80808119
81116
818980999
9
110688
89009
1091606109
0060698808
0
96
098
18
6
96690099
910
908
18810
09908008
9001
0
6901091
0199889
8899896
611810
9168800619
608919
091960
90106
9
11
8068869
1066
10688619
9
0
08
8
869
1160916
1111189689
196
691
8
11108
6160119889
0
089680009
688169996
18801088
90991
0
806909
001869
61806
6091099
686
10
90611196
06
00080
180
668101190
69
0681
919868691
99
9
89
1960
86
0
188909698
68016
86
0619118
98906906
061
9816986168
1809096
6809891
99
9600088686
1899990
9890
09
88
001966186
10011618
0089600
1119660091
1090686898
616668
8098606
616606
801116
880
616806669
009960818
608980860
096861
106806069
6
088061868
16
8918
880
6891168180
8918880
1916
190699
9668
9868011
00609109
88
966
86688
6111888
60
818916
81918
098
690080190
01119660
68008
668996880
118
6161899090
986006
16981811
9111916898
6119901811
9606909
961181698
09118088
9099
080116901
9
1186088098
1890
1681908
1106
86616611
661080689
991886191
6168
89088111
0119060880
11068018
6
81800
190096
0908698
6181
196009169
6099
69
869190
890818060
91068801
80101890
6
160
88901680
6969086
1810
6968
0816199
896
8880006
816
96
1169006
160
69901
9196000
0096
19081
1
18110
0808899986
6601
616
81998
6080890019
6966109
61866
96
909
609119
8166
16616
6199669118
09888111
086816969
601669
10080
6106991896
809060
618
8116
1861
9690990
008
0810600886
0
199910
9990061890
066969
911196919
0861
660
66600808
618196
008061
06688
66080109
61918
808069088
0099606186
1811119
6180101
9881066986
69608818
910610088
1001666886
1
1118199180
800898
0
9
119888
89
0088968169
061118189
19968169
9068166619
0
10198998
116118896
9
0899601
910
890
8916081090
8689
191109
16
1801916006
910986
9186018
8
90006986
11
01108001
6
089
181661088
909001186
18181898
68619696
880
9860106010
6860181
81
106191
61801
891199
80189890
1881
6
686989
966
69
698100610
080611808
100
811
109
891
08
018
016198801
09996
916969
68169
868
6
8886916698
6091
860989
698169
90100
990
6691069690
918600091
1
61860
01
9086109681
0
0109681966
6011810
09188
061
089998981
801981188
69019
66
68861910
1198
098186
1006911681
9966891
1060
99
6
0
61
1811699
6
6006919886
86118010
661901
8
6988186
1908611
6
9991
9600816
06866086
99800
90
186060
060108988
6081
106
110881
09198168
89986688
9008
08189960
9600888
918
8990
6610060811
0990010600
190
8111006
9081
9889
9999161
6860610998
01006881
0981
0
911911666
908866
608
901019
9869
0
69808066
9808
896
168609168
89
16108919
6606601
801981
88110181
168
18
198
1180899
91186166
819680161
0808169
9866
9
66690
91091609
9019
96
6109600
1196819
11
91
91181889
9896809
1111980
66961100
988999898
9660
08018018
19
00
88880988
810186611
800
618198
68
989910011
16608
8061616181
99818809
9
610018068
6199
10689
9
618169
608
910
8069699098
0918
688196119
8910110968
918009806
9190090800
9866100919
911106190
8681169
9089089880
916
008198
61891660
61169
1088
198118
9988880068
888688
90
98
9680919916
19999818
68981
96896
10008860
06818
681
8619111
8
8919
8081
6660089191
0190
98
90119
10089601
911088
6680668
601
18
1
6
89816
6801960068
1
6606
6109606
1698086
91918968
9699016998
9968
90861101
991169018
0
61
18098086
18960
66100
8966009808
600108661
919989
09
9
6886198609
081
8
61
609669
161000911
810900
1
9916191
1986910
116
86880191
6681881616
680
0
0080196669
11819968
1
01910
866
010989
1896
9688
01
119908699
986898
8800619
6906
901100
1116609168
680066
6968919696
198888869
6986
10191
88866600
16
6880811
16696801
89118000
189890689
8806
009
6
690616900
89666910
91608
1
18
91086088
11
60
8919111
688
866699866
9661681
086108
8
68960099
911
00910
96801
0019880991
096
680669
89988109
6116011
6116611
86
968
69998916
81098881
8110188011
0
1
86160
6
18
998869061
91
8189
666910
61861
19
06168
010886686
19810
89
0
8990119900
86
8998
8661869
80860
900
60160881
61986
