10000
1399532
9860
2098183408
002090
44
3
6926294
8
95602088
943
9132785
8733879249
723734251
8852538
1667907756
6
606313
7448500
1
14104
780441
364634372
589
3902389371
76123334
500342616
9
23
1055
351
7793031
834486
557
94866516
245
70070437
7839
7166126
88284278
1
8595461161
70275261
6263
6398156
3521
82529
50380
96536
287427836
8777316
10915470
9
17041
119
912600
0775
8495648
44972226
332
44282840
42
3435895680
767340
2938486768
426073
1567
05408
7164466760
306103800
57
4068606
82
55858
67337
432735
545
48441
69596607
385433
326050514
67
0862124
4
1085025
9987837163
26869
780539749
159695
247451
117596
31
0109743
128814
994331348
49
1
9330128187
5995710731
44243121
59962220
40656
07900191
4734822175
051132
1019375
5841128076
1
69601007
174097660
8
9380
27893
9324878
729408562
38200652
9280374319
770179956
7444456
294
020
8219
5082
141350449
016386
7876616034
547
86
37
371
68734048
436800
7846053
401099
24
44091735
2177650
1520709
6093
601334852
341
1
09
23959543
2
9617060823
3766139
59374491
69734
1412744421
137632
10746500
4
9646413914
0959627
98805639
057966599
0414789315
574119
47789670
1617830414
4340131017
2237299
3107
828539346
097197572
686
6479
88668
0682844
55439259
1105
1833182656
664
15348915
863386000
170123
491036
1762172
43
7
4547443
530198
68994767
925912
38815
849
23420029
498736681
218278
7880532
1297311
094257938
155992
493
112733052
34992234
8770
915133502
1743548762
854495804
04656
83
18150
4023888179
2964536
9
1669741581
82
8
9119
723372968
830304761
170
44849958
8212
4638756
8819377
23
8502
22017
96401
232
4017858254
98984972
5268723343
306542621
820765
07576989
5
0731837
7
16283439
3657294109
98
252
9
82
4529
341
947958188
486881125
100
569
677
398843
79890
4327908632
8722489367
786234484
066
076127865
2566794406
8
55619
8350843
507
55
1
7703911
463
106597
58874500
7625948
643091729
6
777
6187751351
142638
855338
4302869
15
3130384
6169262970
045
60260
4472586
85284084
20822578
96848521
8
69450
40
38547329
5744613
37
112869
322107258
5351277
76
5852301
786094228
0288708374
681
25523
7126
005880
69
0891795
7098684395
7404
227
1
554716
870
2
5909175727
1806479620
491
691
6
45384
65494
76579557
0636844130
1397
6078
7087835
86294
452419246
679707233
85625758
346565
808351
26837504
3345714681
9452303
1
67
96
7857214
96
0085
009
63712697
4595796
85475
50
5
73825895
507990643
9285583329
431015409
49412463
30924
4
67653935
023930
3
06365839
83
720
8718352803
16701855
86278608
9427
842
370493232
07
084310
437009245
0398310682
26123
151323
00484
6133
3042571
497
7
418083
09290
58
618263
1
5394635
54017059
1219388
4702682318
122533
7917947590
059936
10685265
6
486488096
9779135
6712
9196
3249524136
4041
615
605825464
596046152
687779556
1596607430
23
046890
56239
014163488
4800
694294
9890
9312047359
379637
79522324
540559
2992
7408425465
344503
8904
141200
860156
6320836
16
919503299
2463
543691387
1365
4
9651385215
97
4
47
1600465501
240595
54
930523443
321126
24643
94131166
6558579684
17149448
212310912
1
94167
87803904
2542
8970025242
1631
107737335
6
4965
07101
15
8
47306
9425
0907
44127
0581419178
9874425123
97339372
76850
2503232
7
25
962464099
03503
312724698
8
6961
132
396
79772476
65346
42034329
625614
6903361
249
3812516
0936759
820
36
63
98781021
273
5281
24
0618623
2
020327254
24642066
6
3
086607
958
85
22
892
350782
998
8257
5867
723315840
05805210
45
5637293
8791
193642877
17087
53236430
838786194
83661
00351
020607
4
3825740
768
65766536
97370
93
883
049006743
12
3823
7960500
768
51
042
207286509
546752101
34090076
593
7001653
66539
723
35
0156176
8
420602
06741
5601777
0849206377
26401
9852456071
3696
60047130
178
2703397568
7084074
13054
162
97589112
6
4
3612748
673023010
994088
912340147
41968
0471
04
82504215
2731043
10407249
51458518
187
1494
9880
9550728760
69
1766945514
224994
18149443
51
9693
321
105
776132
2005714381
346
654870439
56289558
9967
9135810634
57072
95557063
28
785
517162
82
60
84632687
611
747
136
554280
9
372
2
359073
69
89
2990
29828
885060
771444134
07359588
69076122
67561705
888171
440
2326
53209
225
81
4384739
7
6291
181
2
5827235455
9336121
123667934
604845815
39
985
5
06059430
292765
9445
118514
1687
5
68328104
5155
58137833
251978370
078
6
4895467
97024465
0100989
3211134
15
256561
621173240
33687958
405
970485
50743
2088629723
15
3
9309
22260277
3311140
168840
926404
87006940
4
85995575
245
33
8837279846
726
371430955
25524973
552
7
81521861
331165
96702062
642990577
8453532156
0258893148
9605935
5545419300
0701
679184
896515129
7
2
4294
82857682
07069871
6805
107611947
282263
8277846
60365565
8869
2
30226242
6
908530145
8
03772901
668845
627377
37838608
1
50974
59208
57299425
234233230
1392
6499440
8012767
37
94868065
83
6224748728
03243984
91263
8367
27
6410744
69
996324
125697781
939138459
96593
32
73
15029
13
6471
05
926350
00784
61177
9
88221120
10718276
8271052
2
4578882
422027
41659009
39174
6971
5376
7695
1
18561222
33030788
43852
71194
8
243430
60455797
756
2297404512
35
290883796
6143104
9351931133
0712
34
29
03455669
1004305
8449146
8135013286
5
02808745
5013
66916432
152434
476
2328436
7242
645883
9057
1426157784
2543679
599525747
2
48245
322
6718297505
5
31485490
7
48238115
1925679
225048
98946214
3893893
2
182023
781
0232344207
8933565
92427
26480528
24
7371
713926748
202
76
79
2
20
3
0192679944
23
16
34448078
74311
63712
6226
2796
8325837487
149280
355
246400626
1247668365
2341214694
1565
897430
1685
745632
616
049631397
5088894
01
9
2
9650404
49700
994
5425
000144
36
545420110
268298
4931296117
1579757323
0068395894
06503810
5
59474393
54895
889976377
050501
680730159
366081388
7980
75
95
8403647
6
95654
832
7
5397899
2512170463
70108737
6158
8
51
979459
49118
6
464446553
518
44
03643211
41452
740873099
45
98823301
66311
71278
145461041
37973419
85123312
2742752
2
84
8622198
1108664
801315
570
642373905
5604
529217
661
9058111850
465078554
972118285
3760
08719
9851
745713771
47
990
52
6067944
1080348046
843802
35
0476758
267328575
4164620868
1193
0542449
6853486774
6
9429458524
6819961
9304688949
604902
1352697580
4833271
1356735426
578
3571529880
199581442
35761340
55564
462299722
403068
29701
077
225
21388398
46194
25604224
2066461
0904727656
3
82
40
037171
8001
180243116
428
692
975302
705
37260
8689
780181412
3
154
689379
4298646
2
81
102
604156274
1938
024449
8975548
22550895
535686910
9358672
52
99408
1574828
8784714525
71997906
6632726
3328898
2
9999399270
79
5
90525
63317735
84
81
892963627
3
849333758
26
600
720075
656
591
0667
541700
7354324
532
21278681
81
9474662
10369798
37
7610863540
395
69158
766
371534361
722
58787
13921
910342
29
87
54196
33066534
010688551
3510090952
206744
241
66104
852999457
0921290486
6
256700
50885
311351
1322805278
810173451
8443
56
733394904
5512692
329
9524136
58
24291233
759808841
483
8548000969
31
563613079
149
12
231988546
0717588106
2231
562059222
2
082583
6
458393
4
623711
26353247
561746440
5773
9443
335647
164
2443999603
228855370
518
2753341
630
271913
801170246
90197116
7237209094
26
9680261
145
270403163
109766013
27499629
594
3347409
49148381
9428
971763
9593929
2850742
87316
67486445
993151622
60797372
910697164
6080257
155
4242263159
875979635
531047902
0621290033
3142
864
546
787866155
28408102
77148
68
107
773
7775
196518
594907
1762
5961704373
7636
5508
986069272
514237
14
6670271
4315897046
3979487588
5488245677
051653504
22
42219
76047065
8395
450581290
12494467
596455799
73
61696
66825
3494
592756979
8
1190984066
3581
41432
987
393874335
0951024414
3368463
414685986
3807617
8472532316
0925379
2149634745
1848164497
2
5
687618176
4222911553
990
8
97
41744
994033590
7000
294
39187
1
022209
499179553
5389407038
874381
8407
1
112863920
20041533
19
3050980
12563084
206
116822
2
554
78
871
7339686535
174717620
6
85799
3992387
72922
43124920
57049
41
8
308
6735930269
18096
498922
302
2756545862
5051345526
9
04875119
7
80
981101252
3652865784
08
17
7090
97094
7
77000
65444
53156
6822700
36
773491287
5157620121
5813448
021806166
9
145979844
34951452
534
7410
3847227157
6311119370
925435
8690182
7736357
119
9768108
686276
232092195
266
3139679024
67368
38
65
8
5651782
58
59
78856
1685673
5192116
7333
1702357
3507054
00090
311211788
850
16
5
06631
27906
30633
7850261894
832497
38747
2709500863
874508
70
8
767178
029697288
4700
482996154
7215
42067008
2034902
757478758
4
6892
256
835565
3
38902181
3123420
9916785
3020523439
856240
28
7916
062
7458
1
58121298
695380
36973
0073432
8
421541
9
84102981
8911857782
0371193
55109540
778780
81
474
7028383
7019
7964
6282176140
8
6
62
85
3649421434
21160802
5770
3991355494
2
616
1
5850026
34319347
65830
3
734
5431335
25193
39325550
887496186
04
6246327
6539
8768643
257259
59
42394
906544357
76
20
119
7519240324
834173
3
68057100
50648289
9735599066
37349
113
89170
206100
7564445
788347269
60
74
443992
90
681
95
3114
3027
933
61540
099
8907198128
940899987
919
99727
4866246540
9653876288
39
296533
3561
4895
63740983
48074
466958048
0171171
0488592175
2887110
3847620
27
507777924
641
19312
484
1
67748709
2351910304
968043
5692255534
224456
196
359340934
6
8373459948
5414852
27
13
445915627
426
97
2
871312660
01
6
905
020224545
30660
33908577
78
488
8420965037
7
922732181
109781
5241207685
96655
464
6471381465
14
691825
1960
98712461
98
469
1271847
6453094
197138
3
3
910834
869223054
349314
1961
84
33704
3
9086
665
9221670
2543168014
67335605
27
80895946
32206387
412
5838543888
2874
39
03134
637
223303
09
45
35758065
25534
96833
8986365
3297018075
85
58473254
743966606
3798698
4321
3309
317935
40
605
813
5552
0338209612
193
91006
657455
7828
1957
2754944
9
129975562
1
5396545
4829843516
207963419
362068
801
3164668657
576182
00754068
1477384
51
857442372
081
99048
4104259
2246445
0999212
6608311417
632604
361
445
0794
88451584
74
54545585
403065
690
948667
875353
9907198876
524
4
7782599816
84
6063409442
59213
05142388
13761857
516127985
0902732
6016821149
98
4379250187
1512299108
354579
8302980
789025008
9135444756
516696569
29892360
726823707
2652412
06
77
08201
27247423
9208362
8891059
309533
37
699
7001301723
2020955
4
33896357
35
69
893111906
65
605929
17450627
7617
0624
0367641530
31839863
86988
4
55086
1790
875
82
7811
0443161580
06
32602
628
90
49
8869152687
391705
14541178
861
65835
9
2411
81493
751280
89225388
9285
387
707
998148028
42147
9115154182
62
27
268
696571
68817683
7094868989
475050
39069
2117201
63867411
335996549
3
274176
9
58422785
6
6480618
809836243
3786
950070357
1
4949789
754
71899765
897388
0631
7
92445625
794923039
47777496
10332
7420
5593196
67
9
287
5
29006
4419776728
58
922
746874751
5263644043
34
633729888
97086961
4
7
713
70
309101
07
713198
2751
46449291
07
4943
7
96057
755
5284136246
081485
30576
63116
74
2275949962
792549
85986479
060
7454719866
158246157
7715292038
901
0960924868
252346032
08
237
8263527
1454393
340601
5177
469053
779648
5
51
97664289
0251004
5298573092
2664483952
89
9
25904
2906
079979629
836012
7455425896
9974473594
63631
37
42
58485202
965743115
3
92692
86922
1867
9062
08957186
8
659335
5805391974
6909
75940
82111245
013
2720
982974173
8
6314133
52039
5562196
8853483736
167
47031
79
3433048
780
45200
6
38
9966824
2125424
937897
85398
86
73
6330892
6407315384
38206
701311335
826330972
4461161747
28815
336836
93953055
686794
858312
891327477
34
195804
727815
1832361195
1647
9206340809
570479
4062697
7
88
81198
2653216
01350
15846
6771293
29928758
087855
036402
639
88208795
987458529
48507
1917298846
6519
3030320
888720696
0356283257
85111775
740108
2852626027
0184025350
1696
1
116
6730
02421616
5779
2764723
15489037
724113
4892386032
566
19103
772789
4
20
87
8645
80
5
08105
745180
3611595979
23685436
234145
517062
2612
110502
221
6
77311
17
2903726
5483
220
3
6
06986530
63252396
9563509900
4
50
2459239
26041235
0414958
578514603
24212
5858858462
19270
380561858
78
68636
4265226102
86963
6
2485283
418653
2806
6285092104
690
02239
5710
620506
2
871919347
697230227
927459535
405921
1904605794
227
14
1
7225059374
31
69
31875
3
290355385
177795
8461224
46920616
532
36138
66231040
1844852883
87
8
487051331
80947768
43
4763
751843
894
1
78651565
7691473
6398476764
7
3027
27
501944
0110385828
631680
409
87529705
299
9182038934
0344
70013
5325232824
9187934595
728887489
4430608186
045
152139
7448
46032
545990500
8192
6402
32
97738164
8399563111
93875
2437912975
0795135
549057
277672
758455465
470321578
1
9417570799
39017253
87
33306
457
458
0276860029
38317728
45254479
5
3965765244
666282
3300
426
34
818702
050262103
0466205
3987101520
2204
72904093
6219354953
517
6629930621
4924
660197
2240
3875
5615
536653
6918674
1518161
260
963939030
863259646
2171245
409784
427595980
735248
72
55533
2691
03
61025433
57277707
3201966193
898603299
318
7
51
97155
48380
9
02927406
457391672
2
861276581
01
055168973
21012082
6
1958
6232587796
3254885
8671535
64
7
27813026
7294
993
441673163
147758603
5
5
616955649
75308
524734100
29
040
69748800
4023729
9197553313
202
258
85886232
937
3692
0368195140
373
0915129
01
5217
2914617
4668
60
9
8
162
34
29
67405587
930
419
94386141
21
7142389
9
225
6650
22639869
51
4913
3305
2454447
924078
03647346
11
267
36
9088442
651
80527
35251862
5184337
712
6
448939034
3107203902
266075732
21956
1
48798555
716128
520492
2629
986336
896920
9497247
9031758198
665611
2172733
51
23879991
3722268211
3837419640
486705128
9
099436
9895
92312789
901
63930
0437114
314
60
80507
346816866
37186
2
8
916
71
72
340672198
874
527785
55298703
342722898
500141361
13
8447810
622
1732
447668
59
2148
9542674958
10
3
6427285249
969747463
45263286
34
9129
68
79
9275
10845239
783
7612474808
2
9857895097
40551594
1
674
014897356
2039479114
36927233
3217251688
696514
5558226
90
980340069
6222
69924
66
1797
6865
903439
1
99277578
3989518621
855
914
6462271
9
73374361
8821253
672
632257550
1
5667652
75
059
7744
23174844
361
4193
339903
726
73
6845
506888613
94
8019630017
686542519
53234445
688
472
92013239
2787799
52459942
10
19630506
158754
8687
68666417
92136
86
919
081243257
53624257
11303
998490323
091
227992526
7437291
50830
5237
6
3648952
9063632
1817
29610249
48
8586373478
929
60640362
9
373378605
1878447
5134
0031
583
2280445015
7
41160850
29378452
282591346
5716
805
50623332
6362
9
6906020
625488
603040
49419438
7615
561
610772330
115557963
2
7567741843
88455637
01357
573
5161910030
41
50
334
22
966044
5088
95791
8997029
3349501953
8
400582920
2229456443
4
544700
4852709
282170
694155770
110
252
8435411
6
145
19
34
047018
855204176
8212222
1617564
6531666
399
201993400
081441
305
42339512
2448205318
5007
84747
572330
4475
518
7401054212
1621
312659
52314552
1305
0196
37417544
725
67966
72256
5778196223
4930982
17252382
8
7
5
86
167
77121
87996
04061175
583
636
80
4133
03
28095401
441413242
683
25
385
45179056
52812793
23450
134003393
469
91796111
209550135
899331
7953545
990656
5
89
850940
63
35634469
861305256
275738
49829828
9885423329
571580
610
10304
1758955784
1
716762836
1242328
1300472935
24219
7527918
825
9112273134
112804959
696887998
593
8771188492
59464
6145739854
561147
91224991
634732185
99
4883843
136322424
645242147
747
56910277
01738695
3
908
6184190
2002
48894121
82032
01567216
4385
28271
0704711
8
5742
661053
302
1275
0937700
9785747
8559
339850
0992
1
9462800297
634
972
303296409
37417210
5945
8383
8140
878101
969103
067198667
2411
16667
370498
21482
98
177038
78774
89922755
696159864
5004748
9
71
03368
0810860
586
2254630
661705
57301
30271
9170
3315
710
0012621087
1450152
24537
5578270
24342179
87523
8036
5325319147
9265331769
10349718
0212
68471
5309040987
9166225671
5310
455
55399
87112365
3713
1272
57539
998
997
65
6207887
367815
511895
4951
1508191435
25243
84540561
4
1230296
56684770
751724
3990
357134182
94810
762
7541015
876500
4996
2522
090718378
56
76703
8781
1932565042
758819
26035693
1270287
7391320
1962
164
627070
550080326
722952
459444552
310538863
227
30858112
5261809325
4431517
8219559354
3101084
84
9
3957
9
7553410
12
62
514013280
23
283426563
3814
2
105686313
9133879076
290
808737
94619356
526
587002
7333803
5557
92850019
6736212
92
86
092
12842
2332
1880
49352
873728
342201
7955228874
93
523100
05632
857842468
6366
436
7775093
056001852
3080
4031242644
70271445
2649
973063495
949877
4785
47
583
59991
00299681
046
697
8246683
73637
8177
3
7066769
2918476425
5946
5773091826
213
9126205950
0437638687
23
8144
417212944
27
7066760826
37459
3666215
39010924
061
46
56435
05
381
094226
163051923
238652768
1
524
750712
20725
8565453
0897853
5907825
8830735
76
214925
90746
145
553121722
449607
238047305
464487921
9504406657
3
117295134
5940624846
95
338150206
9445189554
773831804
15
417726
9
9185463536
9319843
275
65799
94653
635
40
4754
61775480
69446950
1796223573
079
16
9
113
49819
292732
4029
3
64
90258047
572
2443496
08
8980750761
0754
317873084
14
29113553
934684288
361
7002
62366636
56
3617
280111
10056
8085
8186194
6592358553
952932
50581
1688446784
386549135
07234
97993
958715757
136
0544552
3059990
4589640722
5123
036788
67901303
523
01
2686
800842127
3450443
320
8717
92271183
79179301
38
49324755
989273817
92082121
9556988
70
061427
4254503168
3
655
81
42
40001
433
609843533
50
6435653
899
36796
9
1326
18501445
6947578
0662
60
3
224851
721
4041
82851584
2063876077
5637893
7
9076346483
595447
779938342
76958
782371402
31419
6
4047835
43518
422
510
6192105476
712042
6323961
340383267
256
24
23717169
5732286
6180842
183698156
16924392
623148018
643
8
64635989
6995937701
3889
376
71035
4352
60
88976
77835
60854
69708
9
055211
3203971693
7956856629
1430
16986
6
3
5462
5013
8602530601
2024292
0876087904
06121219
2511638463
916611
207
982354
9365
521
43870876
398430
9
8551744
08
599353159
443144
7091439
12219
1961848816
672178
2129
9043
863
2344516561
23704799
2326633492
2094369293
710994
71031858
675862
6
90
44271
7279754
91780743
1
088791160
4738749
948404284
418
081
443
3292
179596
7775
0846273537
7131
53
51309581
00923229
3332
7540
926913100
7905
825299
7930193
876070
86423121
55436912
150
1667649
94084171
0715456556
919
5
42534361
668404
9248
0640895044
5615
290282397
28099973
35360192
9083657176
73545
508843
7402
7
391049
765
3704555413
665562579
3014606
6684985503
135962127
8017214
100
07802
81
6996
83
6
7707
322
2870
26344
10433221
8123
690
3
57
4324
3509512269
72361952
54520461
07130
393
9
077094
896
3189041
68160
062
38
01878347
014741617
6633123
4
3
53278042
085163
1881465455
4269
9
754
3
83827918
0741420
473
0302
7152668
3931792
3
48
88413
9535758744
4980710090
6939570
28208
2011651870
38606147
05
8957
99381494
8111979
966305451
0684880
53506737
7159481
053236
863322
5777333
7880129552
890433051
5058237096
514208
24
2
841
800
648781
64
86
1539694348
103691
4300874696
3838905721
71615
1
115069
837270476
36
727
51231649
9
45154415
12533681
30003
2814209
7823337901
678
314275
127512
71
7175282649
250229
8877
93842
44940
12134
72293092
894
276874
5624
65815796
58861
2
7
866
60630628
57334025
5899972
645
8369
38185483
9016195
300
97067920
420282
496
4734
6067427107
26071
1928951
68255
905451
018
7453750475
5986
6969090
5435
54303850
363630
108827
9743311
9494636095
288349291
229102
7916
45428
6977299574
41910255
034559
18939374
4709512
0515698935
58511
067775
1
81698
6067782014
9907430
644146
770068
373405014
7383
1
525726
141
49646559
35
642294
2564013285
19961003
2877796
027
4708853
793991
90
32892837
18
3
4
520351
98
53148361
6
640
54675132
4579068483
0386395989
6170
73595
43
327
56101
147577444
101277615
936899
469
1924900826
83
7
46
739468
67370802
496082
774
964680
2924365
342183132
875335
3
8021
8467227741
98373794
52
453169170
294695181
0335354028
5649180
5306136
50486
05399
48994364
178
3728937
5
30
395441932
549948
8370
16
88
462083
9
6808092
358399358
42039391
6
66
257
29253
1107
46328
83819140
542
49
5513790362
4773376
9951
5
73
775908
1054202
559209594
9
3
2878958
83850383
540911159
697275
2555803240
0552
3
8263697661
934445
916142518
45
314740
58896
6210
1462
1107135
6664436745
06119031
826809493
6239
6
90
580526
223758774
5003772
6
33
09553
8840429
29145
1672822681
62
4556790
7
11
5
0065
13
86445361
780172
33869395
7291216
770671789
742423
904509066
28813198
93404073
9576
1912266
76507
898530937
716
3
54
691312236
25543
003447294
46793
9
1144
2536
3726998
907
752749036
731360
67760
1511583493
5552
606037925
5
4403144613
7064468659
896
302
8508517047
952684
847214787
1
448725
70009281
8398751
909
8255784532
62943903
196938
655792
63380948
981
184926
341811
07126
96023896
259363949
3639938677
259
2323097
071
252
3395
284724721
4690
9637639915
4
77
4
4
3209137
8585242249
66794608
2162
96
53230827
919285598
4072696
06
85896
592
6
290330616
525223
6
01
036444770
83018
04527
63823356
60
84533
4
39113557
10125190
79711
524746478
801570813
04177186
985885838
7290831
7654
1440
6414
6447341619
3952
126
3190
177725
152007
4443
3061545381
56111133
795
95
3064091
32817
798595
2
003390
6950094543
65826285
51800
68431921
096518
502820538
9
4123295192
81281
8
9964004710
034
4174
7237
2429
20
829653596
9810
7942412
745
372
307545174
995282064
1901124432
3381842
792504076
888177394
6123511337
6740
9172655928
00322462
12
82
880501
71175
8663
9
06258
64
414
004
93
28485
2629
09968
648621259
745886751
741225608
808561593
840
2000708
1
0556
1085337
12051
1353276383
3567037
15283
9712315
7
9
0034
087768354
743
036303
2757580
074079
08
0693323
21
49
873350503
495665
7634448
8889
8
65
360
071107
6027446
72771
929
31
6590
360
75385303
4
27274927
30614
748178597
082854
5808
123
52
069
26766893
0732578579
5
31034122
00360
43573456
88533
0661427
706975
874869165
57670332
12
29288
4038382
6652
5
8477927
91614
40
5806766
29674
655
9438869
5154672
0819
03290
865
100451179
122590063
6
6523
9024
7823
415154050
70235
2602
5285
295
5781408
3050563750
1
091650
34
65645
53
2249
49
6278051986
746
69
7085182
319
1192
806
350
2860
19
2032483
56534556
6093
4830
095869
7995
31328435
0713326
6841904
8712
0719
5508
1595
711
728
768
9521694
402
3143508
803
06370
972
4
43406
38971
494290175
2375102
2793
282037
1
17
38307615
849380
534
0287461404
1669684879
954842
5225
499551790
61775
980659
5429
062058294
61298516
52
482
2030
65
9
536088
307528
60
4521296
08
70
173
0923613
2402
56
755
3654873
69010990
32334
6494437163
8736793697
7967115979
1032919
68
624347
17109
461089448
13
040694896
1
6185549
04
447
93204841
27
1103
06169
385241
327229855
98439
600
7162
14057
5620962
6163674977
3812413802
923
40932
794179
70218589
623333579
762
758612
589838
96209
62029009
2
56
67369827
08165156
979
8
4791598
6
89593
86744679
961477
726717
208
14700574
955394505
46467
4530
193
90
1655849
11
763220339
3304997262
5288251
3876
69501051
25041
5746
7364970
8902
51
40
5406
2590382
1211564
290176
48
27
189849
7445439670
242499629
10264193
26
948
61128801
70309426
3490
19
7324259005
92413668
3737051
014
279210748
6791
762
651198
066610265
0894866256
6
352094668
3772175
61202912
3659470
07474
79790459
6038590
765943
8
893298691
20573
223907
34037
756
792
2635
1764521
5032669059
722
290017944
29853
8873
882774661
603
6860217
9913
70745
6134
607155
543679
711947
3568
3711144672
5863
9913
5
75738034
092
27128
77648766
28919
017
5
48
788590884
37198
018
51979065
39930
3745735760
6485821095
667847988
74659110
155841943
755205649
0219162
7
010023797
029994590
0535558576
821732
7615358757
117
507472124
88499440
1973461
27378
753724670
7
501264
86461947
26763573
100451713
8314175
9
8320
31920324
06725
33
97549314
76171
717100
701984698
39
5751557992
2953827522
56421667
31639564
885115
1905052
429951115
720695
79253101
6
824548452
958
7
5939
126221
6287782901
95261729
752733
4
8091
42
4884761
1
4440303417
61455
277962
0030
4
15810534
3
7515
6674
7970457
869
596000
86719239
1776
84473245
28061
580027
79
386038
706507982
070549577
096
254414558
894484
8698595
4772616419
45527266
96157
19
4548825051
614713
754032798
04069886
3363
87328
6983461
45
1
089
14940148
8902195
18333699
6
2904263
3
7256626
691
6925
798
4
7
1217
1705
5813
4762248
17544
830464988
120
6529209937
5697
28
68435
14
67
02
78142
533
079866588
12483169
04
653
44761
3931709521
301
62882370
7552324
2030870834
794
41015
839722500
5475767239
350
670498818
0214361
2627
82641
86950713
3330237853
4092999141
921738953
0658870
5962141385
789374733
2553
79
8147968
867774725
183615605
25322
7
6869932
46943
79890119
991133618
1218
0985
286
3
3752267497
45694547
707
96837398
2
422
145731
7232822017
6185786
5135
2
018640579
081224
06361861
794786109
561
4457455
90
8840453
29589580
813
4971463
4569836
2993710539
040715646
53931
27
666062112
8967348454
465519
908669912
48
56923720
85979
03
924729071
7491
3868694
1578043
6
629
6591921477
2
40723
9545016
57765068
16090635
729982
5766969187
0828970401
2573459887
8654
0366267757
623045658
423974
58245
205917229
8815193055
02046432
8626971290
446208
8678894389
26784237
3063062
1006829086
5
932886
0386764725
387819
60
74587
74381
88616
052
24855
369133115
3307134
085821188
45539948
723024
09
936671
1792241
3118
464
4
96
09
44278
2886605431
1
841
350462
7026973
760324478
0653311
68
652
556
73898556
9660838096
65547411
2193
024872
4669
3
166738
552
218957283
88574
6343152
5970496426
8126588434
87603
3898203
76
0439022
833560073
3662097
9485
440
5756572
025
14373332
79182119
6833
10913806
9
13
827387588
923
1781832
237552391
8199
20193275
7387527645
8178597114
69
562
1814092
904054532
8
04
181480778
6
2034331
2499588913
9220
3
75848348
901
539
099996037
404
90272
53270
34947573
6953939
068
30590
2940452635
3936974
9404593
224450856
10376852
98153
753476914
5902932
6813228288
54565
075
190
921606174
8
0589544
4151
57982962
849
2438
53
95
224741
2
471631170
1867386
4
706196577
9
0435622
8
90395
1
5433716119
69034764
99
1869208
423719124
6287083
08946336
3658099
86423
94119894
680
1271206294
058392673
42046
677
8315871
80
7
3373851
834883
378463
8614180
4
51868
351308016
06
323427904
37641
568
4992
71108
3217841867
645364924
04065
425276
34791
9119
6369679
29562
74870878
97893
5011
639211
38
35
31948
341148629
4
60424110
052744
8
146399
4695732272
41529569
8112274
6
345
99264772
9609
7534409
77646
4794
242
7892042
4482
0981473167
6582172
131
15
642648
2786
8960736
6845029701
20
9252892531
21
3549756
58
0911
6002911
8640655
4586194079
897
7463732
76
19
874430242
766064966
394642
9558808055
37871
540858
1198784223
5902804
6907120538
210358
0214371
15162037
816917532
019999357
8
333632
55
8
15
981
363
490605461
718070
77381
8927
71
263873282
42
26995042
57
6
106160
072032
4
649
7623597
05334426
92
91796894
186251550
85344
0773209262
0591388834
8045576
72
472224
25591805
1
98936546
13666
2295778493
49709420
3344197601
220513
554772
6111092
13598219
55499
7685
7
585150
501331579
5
4476779328
859841
41701
3805
20
00245
9062947
13
444
5380835450
95642
249004
484492
2625276
87835
82643
77723594
2203
72640808
81585681
2
0179019
84
3
169
83
8643
1172
61
2239712218
48992093
27079
6
6076527415
48971
411795
133988
87226
22
542623855
3857275
313082082
29358
63206
262329
1
8067
58
67
870923
53182
81804227
1466
648
8
262704
588441403
408123520
2
268707048
6331529
17
1886833
264177
071
6382404
7
697160256
46
00314
0858
9637439
906474710
13443412
12804264
934551
58
76
48050
5
847286024
0341
3
95642618
511839
26545
0637870
697728
7605316
836539290
83059102
127673761
83401966
2531654325
7
0446
16
4616183
3506
5154603248
027
08732
5750
8236469
9438706176
6256887
078342508
48751
302068
905
181261930
1901940697
545838136
746261
537
1349176821
25432
81
29728
874
0616473738
824794
26547
8268096
6
177869
141454927
031398
464
1
3
8428738690
63
3578366
8068973
22
784
119
0764748964
2686
14691981
45
92349
98503619
7530057582
20206964
190517292
0461
46317853
09148955
467
423540335
592142670
46
7
433
865753
7997
92731
4236893007
11387221
6
5604
9179161
4
90573
196477
922672849
43
1
010623909
5
412
51348
085548
9408
2566034
88
80603345
3082
71
700
77
190
705369
61196
6250180
6
78
4424648
2744300
496
054
39
1
2749
5
5431
4213141
5313
5991940
524846388
6786446
34962251
46594990
73391
86131
761
290
539442799
744901
8655007
595
860814941
8719
6
8313
283
86196195
995752
5984
7469275979
8510106
9
66859
6474
96285
707775
8835276222
3671491633
35
217
841840481
8528
75846460
2
887
3325641541
3
77284
9
69212091
5252333
9239
280421
193184571
96468184
023779
525
538421683
6
0752
07165
9520026
231210
5402579580
356233578
75
632438878
932113207
613
29436
966521712
905809590
4
13837
838
2
304
975
513483
7151
63245
549
8507
8005318
6917756
7533394
603
0896637
9297816
08873022
110699659
42112280
1603
619042
930416
4814
781778
4492899462
3879
59061688
422
639708
1312430564
680887
9646411
861117
50
95
2
431
6148
306927751
7605859308
840671873
70245990
0778
9
5566334
073
4109773347
2785659
67932036
653
001342542
7
9903309
6
4
76012
668243882
631227
633437
112360
659
6
4450998216
6113353691
3009441186
87960836
0914
80257
365089
4104675102
1330401
02763
320324
51946786
01430
62348
74
54
2
8951969
5657563486
11
77632816
88939
3
561073896
6
21
3929049212
06
9618314900
73594
4690
11375032
0471058709
2102
44
8179500
041927427
4
5728
343220026
31832216
8447
54834
820138543
2
72924774
7788006164
134604285
768654253
5632772
4533971
59
98128
29323356
741
48149749
080
55
630014
8183802702
787071
975909715
942993000
694607
6003
876
67425
97
71
26
5803
138989489
2937
994
59
35
258637125
029547
45096
8369682
2805
548486438
99941
4
91331
6321129
27
52
67
01
492518
8
871
8016672257
9
89346
70297
62
32823
8463329703
4295
2152217302
86802483
5682013
48666740
65727
7627223321
7621
89999
76
1335476
2222617
42028577
7256
5
1432869437
533
4295
3557879802
3235111414
233860742
36197131
664166104
5478648
875
1000
267
00788
554992
774858373
861034031
3950783
631
06
696062695
86567
937499
0086653097
303971811
252469113
1
5236
01701
248
1331028018
8235
2261
6091133
21
517090
209504784
86227930
4200531799
79670533
417991
55883
125
4036691
2791
572
2
982
4199900
5
900
5246
05300297
7
050486430
811399180
8174187
098576586
44325780
209511243
8356020
959185601
996912
47038
59
80
8846302
88013
40
61
0587
45368018
949
0264413
953012
74830082
54
050979
7974060992
11
86742818
504
734661148
622086
614
9437417838
5122507
42410666
0687
24893
69825618
45955092
4257023
610942868
14071
48070
6
178203569
99009983
85
0568414
8990202
433648782
672205
803721
620723
8
379884461
2020193
97672089
654543
34
557
30724078
80
7929599
8571924973
243170
7599167482
618935923
3
758
7418
9841212378
50
2
1322515
18130620
567578
9709
644935914
768666
47
633346481
468277699
750
9868011711
1252800156
0254115560
6579113
67
6475
8680
949
631746
1187
6
649534247
7971677
41190674
4333421211
10
913
2829202364
1203
615581
82197
373757842
328348160
216
8399
9610751
43918
0226994
04318663
436
658814410
4
267459
11043
7717873575
04890435
2
123844013
3
71
956396173
87867
2736448
1309055051
1381209446
1263
53
95
086706604
9070
5264
11099294
34320
24
24291
110950940
13128345
32
9978840634
90026134
453587
806562758
005281
49
68
399
329091
64
12371
1104
1
59
2375566995
84934
3304975733
81222476
960
59171260
97
0891527
285364247
7985752
16024
1
45
11985433
6678942340
989154734
1304143665
6042749588
3
44020
7273862249
68
1457
46837
7554568690
0729
5891
71772208
7798961209
6614474
8218996272
7
6
80826261
209040661
0149
7564
72040
300
1305215
7488973303
5976781
0714579
17822
7
569698112
2325879248
17
03
429137085
2201174
60993154
293805
40771246
1986433
7009
7675652
076
2375
79136
05719
9069974
3451250706
95524086
9511658566
341294
2269429398
878705
605
34
600454
1949692924
8695373015
6445668787
51
24524968
638148568
968270
713
89
156824505
40683966
079018932
04669041
5120744
602522
8640
3093497
486
349
53040488
431416508
2068857210
76916
5411386498
08
48
885472762
496927
55895788
800112
145944
1316543610
5014331723
2003
243697
07941
55
56147
396163
927191
70
3
690190277
8545
656773721
589997
900361095
31432754
903981665
84562482
3821892232
458443
7864852
433487659
81
16487
908288308
1588822256
1916558517
81
37393
17411
880232
551
52557
25
9239392
1651
28
2219
8179
382
7
454285970
26027
6
87516
1
0279
562181
98
5358454
776443
76953
48
31517505
8714769681
6
6261645
1473762
9638
6538315
716601922
47
334
8303293528
9131314
3
398488545
8079
56544
5944294609
796
53
3161
3
94
2
1552782
0175
75869
02864018
86
355
573642
50732
7448
576290730
469619525
28
78
70362
82109
0875
952943
0195922852
18350111
5429219
140467693
7153529573
8
640
982
163
288
45783
9812070
897404319
49944
9
72449
986735605
2383
0695830161
7203297364
23958
2794
56449635
8694995273
8642
327993
01473344
827632649
624
83
7
8902698233
8143818406
84913740
428775
360442338
4
00664407
8069
18018069
587
3635148
1
8311038908
239
0918930519
869746151
4
0173
133
247
16
5019
0309
3286787
428727746
054
541708
0856
81419
686843
5
7157492
478434850
6349
7188
1
654809154
260
89178197
667098
5
206
3
7026
554350658
64
7288834
822932
23855
3847
30426
1336
76329
1
3516744750
8
412073878
07256724
7490168
908
0292
5905
70699411
6
941
37
9504946
8
6627294418
805644934
167370
386413
28043139
4
7254
043
16
99642
455
132585005
86
642538
264
314504481
80423
0182165666
888269
9
8
3
44793105
95449
7168964
12306156
8697621
04902
7078
3578
13591
503676
59
886361400
48368
965
2372055332
585196
9372214355
1
323
8
52
86
9692
08822320
4531312681
95073
8573542
90
633972270
00988
81989
379
218
66940358
51479425
6539
334701703
19
338859
46
47
16623
666407233
1921
856122
6651820
31
1951
976
5335
4928
7344912850
763984066
83221341
039058418
411190
46946
968250182
81744946
443119158
45
4521714008
70
401
90036888
76114
76
0062509
47276320
860242447
29686
2544
52
671326
2568941
44
36
38
86
12
7739
62886
4
07613
7279724855
118034912
5145162
189292945
46230
56
1192296
50264562
894
216
1
10204862
5091145
9319470860
18
6002042708
627203
6647263
9
1068
19683
591578373
8
2
550706069
2
20057848
69
6796067
8347249
4903556284
57
289626
909432
130
97
436
514
71755
6036193
1325439
210453572
385130
12
9205737
965140
28975
861199
532
48
481543
23
5
20642
449467691
8351
150
92274445
19510
570150028
53816886
1871469
804
2164
323
65476359
53
8122005742
370
8516500686
47076
6211875
1836
453338375
921144
778060
2202
6
52695
3616908803
48409
26795
01
410773142
605511
58617080
6
26
46553113
0987049
229384
7913423018
461772364
4
6
30181
512656265
9958754
6
1630514843
920418275
5655050
8386904677
4
22825164
9181973
93944498
09012742
52
0541140
533782
90138156
7929078071
43327383
5025
8446
5029846316
2677689
533
980
63
9408207676
69
02739
8102643
06497
57602
86
856481004
25063568
2468943
7
7650
254504
57791379
850
1
626
1
83
6878659
000378
5027477308
797
69774503
51687577
857485
4416
35221820
536442
62992085
21586
6801067490
416536
0593368237
1514291070
70451
505498238
62694
178483
707341
400
488894840
184322236
822541396
8340470998
220
8
814579
6374669690
8586
12499
1006517
38264413
7730224692
861265600
4
317
43
2104231811
5
0135789
6
8
59
17402
801030538
746528031
2639
16880
6
4451590
9
4
022
371
422
1900277
350420984
290
5206989039
986905
46379
76084
30171
235224941
7182568
89383
5526247
739304
164044122
9814973825
08442693
4509064
8920655
5770370001
20
26
7475347
7
69
3268
208524149
3
3459649559
73
7211081
5286776
15222181
62866238
0094673
616970
9443
76106
9060
30
976913974
40542
186339057
0350
6492077
901578
777227274
2128589
585788
60
2
2701
9615
460
4804122089
770464
2780770109
87909
4657935237
9365483
91
40
7369058
84995
568
2107110895
32933525
6290
81719
5
6593776
5637
77
071
570908116
211320
26740247
26189379
06626190
60763436
924772
13
2103439
78988
45227197
764541446
193312317
17108490
844664
5915977
598839
21647747
41
20150509
58874
196688
020674908
5
85842
30691691
4227
292
67
717693894
63691
3871
539334665
3680744068
6335
062
5441772
4019663
6933400169
86175440
6
7366
363
82
855
8894
236
9779509361
0914276194
3637
301047
26303981
770
4622940
907028
33334435
4982843
0939301711
2835025
4463
06
73
36726
268
01458378
8863
6624
881
19398
7579745427
9798
4297807493
589
4575
35401621
12479
149
333240455
5177051
09
99086
7230472543
50
8
484950393
1076858
8865975589
70
050274250
7785752924
1900984806
8246037
9003
300280591
642
3194
5
10556
23
693064247
63716
83805
9537
07565539
29
967495
8082936795
3533041
8900665236
138
2
384
2319124
14
169347730
7877148820
74257
586581477
82260446
965964203
3863681
32
1222878
60
1
52339768
9
7065220
4251834127
8568786163
31437
67049
3041606032
2
73
8113479738
262
66524
38696
3940177899
11256
96
945286
45
865
443
7843482
018
254412948
1459522
26
686
15223486
6176
9020
2
526025
182679
7615608
82
109593
124
5
5256351
9000142301
0589535591
0848860
266117
89918314
570358650
835466654
4529
7918033049
991819554
11939
229
80930
4
03590056
7945952166
890
5968050
935831902
65744
412
52
15406292
3699921
5
13762103
59
5269
5857
966733415
9961585513
55586
5710191
646
70375
38
4355672097
2103
295595
2766655969
3
3170600
36617702
723381
4592
5561017408
66419
8686389
43415081
65
2309370
78
1
19
2255264
771966792
913183
33132794
63948755
24854
56
0828
722408947
88
16
1188
269906
7231080315
58341517
8
6933
39600668
677144574
5177706
68758682
0600
38780
694
9236734
3642458
01
30349622
38
701128937
3471
6510
782909720
82254
177
541
17700
2488885
43178
899315
026096852
304652694
255366
6946
394
591087425
385286843
7273596902
990402669
3136120933
479958914
2842
88130615
8622195086
72
432939
930951
30255
785728
293443
09803
752065747
9121197
92976080
56515122
4071401
44193
02792067
2
0905
97
15
4593848618
8137
472179483
68
6921036597
182
23
57764
6
4280863
7325810309
3296
5
885
69789786
12801555
818930
66813765
548
72
0313684
0093
311341549
716583
42565585
20438161
3915
6626409
2372453523
9018
2543063564
186288700
8
5472567455
952536
30975638
5128607
398333
7
33316475
3
42
303890820
8597569
1
18994840
4007
8743201081
75175569
4502
960644666
727
8748
68050428
567
7500
3700359774
7200002376
3
6001401
26966
234567078
404477910
8060364
29061814
7376
289768455
75
134700043
462
367640868
2
443
666598
8996431
68693
8483553291
056706
1906997
934114
420
4855
4365574817
1
3588
17
14638
304
2105
54
675947083
54561
88
08857522
7711
59
7191
4320980
8052936
88
800
145839
8
839988
305
601386
366
51917916
776
1854
06291539
70231
3728481
1153745
2120881691
5
783860517
33
2601642
6703
8627
8428317452
648157
639
06
535939
1215173
2
48602
5108669
1995301538
93948
5
6
4885411
509991612
69932036
33
5733
40
56783
65406
9124308
55523525
796
289246
348
364
9908848825
58601224
15238881
829
24
1972
80
0220095
97527459
58
3447256
240429449
9587332002
279344
549809455
74087592
8434
935660826
32251774
201990822
69
2
78
68267
36865272
535561
22305346
9778203584
405
99913432
9566
8190840930
29410
515980921
265743
35261
9104
510179923
7381792
4
8
32
6675304397
54
72
699773
2
7514
3530
5262
52057985
834398
7575706
0043918611
203558860
02610528
52
2953
312653
80515
0145
40
665211162
223522
4171798
2402
281975785
66
9
4477
6994016822
75
743270408
1
931904824
7
217832978
51133
90582921
78669133
7016846
7488775
707490
3909
07744
72831903
341
85
960
56509242
2442912162
735298
891
170
6711215142
9
487529543
124188297
71391
33
62747
05
5918
744735
5
955
7845373
121986
9301
022316964
65547106
2550429
84516737
874221
21683
720
79122
589479
42893904
78
42
74087365
2294451
479877149
5
5293028483
347
28102861
1465158
641056683
5459177346
8
8749
6
4
39303903
404470022
91053335
60298902
2426
0454980634
825696608
9
173
11757654
0048480330
990
15657
5048
2065010768
9
6
7785
08326
264593140
1361234
23232414
78
2326055768
2238785
8031608
0941226013
59097
44
318912
97299
21
90721373
9337710
9
42
43819500
3816
47
538
2984
461923802
860474
4796532
2
9
5537540
417546067
501624
34708677
040617217
9001971506
4109
77108
4781585
6738127
28042306
992040236
17661
5535802158
9476
287
333322
074
697
696713
8640668058
84877
37640448
899687
541
2854535554
45
395
77
7433961
764029389
10836752
937236
5997
86077
259382
20870
939281
879011
02
36856540
7251137
462950163
234367672
238102
266
097479904
7365773
780281
2
78984065
16955594
74302268
4
946
98050
6
56989087
5633
181
13
93
11273480
792521
1
95
197302
48124
989312
755
96
420
6640433363
089294
3147
784369766
3483928
62737212
128476933
543
29325096
5877782999
92769561
033137
03078
923
80716108
6
27484
213032849
05440046
6525084
8
34505481
1
6
608362621
0696
9960869
259458
9416004790
1289
2
66
66528
606694
2974
710082535
471935562
331120
049
033458073
6530769999
5229807
09414
936497815
51356
085137
22919
4470394535
479776500
4179621
08
182555106
1748554633
748313701
12
27408659
4
0510
0123973726
6225061
962206272
23961
0253
16
604
4
0946533862
6251886532
5183055723
0406
07474820
702
11584
825691
6455392734
584
57014
12
0718848
8
1
28
71
9
682815
8888348941
0880
3575831880
890
45565
2457
0396053
50351
49008
7473757
652
912
639
679766943
2
6282986071
612262
8461989
111152
871
81081
1975
127179162
5322577918
40909
087
39002285
320502
3485242
074592930
11
3434584
95479334
495
223386
7962403
41978
724
6
81031
93161728
82
3147285
4328395557
3
2017982
10666
375444093
1
00388
060324
1825
4267219
6
4064234919
9777
61
07
351647517
74151
466598
21214285
291334126
33977
993098545
444969
656
6533
55
30307
3303396
79634767
154421864
9827971005
87588268
191630799
94640065
23283
356014389
5
05
6288396239
4801750604
74
229276
6682454
986
57082
53255201
7528015
644
675997
54
62309592
233
534259516
441184854
4602567
82514
247735757
09
1
6943935
0983684
92221020
93331405
466
56
65
16781624
56
30767219
4211
6
631307254
4536961
18
0574
65882559
982
5278975
57741924
5886
1
14463
1
780
966796381
0886
5
291
30485383
414
6081
865004695
6629427
14473507
78
4573688605
730286359
53817
922804
80031
129609
6154020436
568
6674525093
287295273
135209872
0700662384
42345763
356196588
04783564
853
686044
55357122
104812
426
779309462
642347418
6
19
208861
26
1
6865577
12471
8772914
55700154
9098005911
2000157
5980823257
010585019
7
5189132
4578731287
197243
3745834418
79928
04397475
4714976256
9170
331001
7311
07920
4544387172
311
4254644631
92
6
992786
653434
012937474
076058334
13080
602797
434183733
425175789
5
6501
5388331008
07048
6127
40962097
37
669
966
33
5601
2927
834002817
569
19197
00715
24177043
12566899
26024467
61
7125544806
5794
60320484
17841744
47
05682
8755
9
806
1580846
80
164
881270
40980
33343
52486420
633946
2116577
98
712460334
5811948838
93
2853
31514
0864338028
205614
5
68869
73
558596094
00273121
647
957205
881551434
5268675680
4080
718259
16616
393258
953
6147
4390
0417
394500
82
6603158138
038
27
24847
752
4919
37669646
2110978
31642
7638268
564476095
777604121
114068
5917048
403588
307
0918487
760789587
0227678049
371156
33336227
17
42
9788646692
5629
130139647
54
93
89730681
0263
5
763909669
507
0988315852
72701
23020877
972057
027396670
3607304
5314393426
008834
5830700127
149223
30848881
207
1450
57
4239
5
85448
172460
42912394
3587
13578964
74819572
7937732001
8023934427
749848
179504359
1791
5979479
4219796711
281986444
2441
96930235
6614316962
81
8
240201
3
74791
6707868714
238017
4095
26592
181908
181
8150209533
96
1750
86274
36858730
856429862
99713205
56
785702
4972
139695588
6967722633
67849493
336833736
18
6
3635313
1079016
01
3380
71
1253613
932360366
66845067
221795324
81
0312
235698193
52737
187337546
0705
947094687
4273708
40267333
875929224
7908807817
1614
887
8783689
7284244240
874024983
646739074
178
36914
1693883
12900
0854
5346741049
51508194
4446222
246211
327577203
157
561778189
0585
4086698619
335214519
1894964
2458819
694960979
714
374
34762
76232253
10
0593048160
46426
00959
049393
035025
959
9012083940
006728
9053
9
3
6326384
814730
33
0901
972
051
059126753
171346
1499929529
12625
803
5562
480086595
0385753065
30650685
021729
7848
7175299118
16130
4104304
22
409508
78629
592327159
742442328
2020
728
60641
0766441
4359
5721514
49779060
24258
689793635
2331590474
63
6
5
683005
9826185910
25353
87440800
7
492163374
3
06381258
878
2604
35536348
24
600153547
516458
56399074
853941
19729151
93966597
38213658
20892413
1980062
213408763
610070969
8917071870
1559178847
7945
153099
677
4566439853
70941692
8069369861
6570345677
311953031
80093585
33
55
29611
2
8312284414
397721297
288750811
5
5255419054
9287731782
10866
50863
904140
3407
3373967018
2900857676
743
282
84301952
7856
7194
44292
2501757164
990
9402
395325377
041790101
1442350547
85
5600
44473327
741
5673659412
525721915
01810704
304
658
299311976
306
919653
2906
7919361
60
83558584
034
518
45896403
5356210988
7
0230274148
677738
89624975
9
176
1060
130702600
0310456
21307
147
62
449
020
581002
7
83424233
1725
683875
978266642
96
74604
89546
07
73682
9201623
524830
3453
4100110383
241
4
7166020534
2
615062602
3
2919650208
7236
11045
9
50400
762578
433
0522302738
74
67203
9042318
6340938
286289503
71731746
821728
6457971
17758114
4696047046
348724377
969392224
812872158
216
72519134
71021681
853
71023
04
64454153
45214686
7850908188
6695862001
3335
42
0880905
5
79834
2271379577
70099
3
21447
6491909
4
7736
2
7623763
8776
43
03949
1201
94389
21
6168365
52488
48692
5
557990
699426
944
340659
96004
301
4
56844339
0830
6435320
509162
71
953567
174
091524
2471150
23259
40
1184412511
9
08331
221360196
7269
739
1981269
4742
388
644670886
3555460
62486
489
84304
094743
2996283683
99
5930705
7
3611393
60544
9937
09663419
8619819
12
0634508
2104
2539241067
59
9601366
69
31135
5258845
284078
45185062
936405087
867268
3740
4859016646
06
339608351
1845
447955892
899
1
998267258
442391
08
70349316
13118
1642
981758397
6463235
1607577
4449249
107
68289
311
336353
87159
703796372
86964307
80
3551579318
745332
9802775
3827368
136
5520045279
06645
01272
25
4358
827901882
13
5171760
3992465
5198228
398
10180
2
5158
38
221869369
2539006
2065726706
796787623
29
079119
619223262
20075
107
8701
753
87
45
433
68
67
5223241804
188656148
672441
543
520059065
46648609
4888583
797882484
4749
4701532734
1374128
151059
5884650
3
26200994
45286
2619
287
74036
974
52793
4302078
550
05994603
0197
86237
7946249114
537
58635
50
9835050981
7366718718
28
3385649
014
372612
0993784
1902495
324834155
2586
29
951634803
74
77357
257879
59988189
827479341
282290
41911
31917
4334958
0690425104
790241945
287611
8295945
1
820
17
016
66788
2306
195
1
994
974
5011894431
8212787837
085
9
8
45
8
40064801
7051962362
076925834
7757841
8753518
120577
71359899
22255136
913527
8
906849965
5810008047
60811062
47067600
091
553364
931
081369
35
7736373
4
85977633
79554
6681990
511857
369
083404
1218556
53
433286
8
679685555
132236851
418539
598686
295
33
5970
7
662114046
1892
50
59
94991
076406870
545901339
7112071319
1343843
4086
515747
2873604143
337
6342
5
240
238751
951210
409030
08
9016
56600674
4062
4431066
56
97501
951102163
2286957
7
17857280
61283
950651348
21477079
304507
0547048785
72120518
54
9
50
448
640
6196
48
91317441
9401215
94781587
8313
358847
7
3
0097
877
706244353
6135357238
1475149748
1804770904
168168
850197498
2
025170560
7
4251
9690291
93
31384
26030
087
419
75043
0598
3
268329955
337521
004
527342493
311
22
0471
1391104
9490661
1355578008
1450913222
211897
0001801
4354042849
9
27790
405596
929038
481
025740
584
283
43194540
003458
95613
04982367
31472256
48760301
568
13903786
4
0395894
1699264
4
0419831468
035889895
3031985234
174572
86701
2321700001
847580547
52
38
1189
56412
00575154
267912
29691209
3254
7395533967
9314512282
57
874473
9117156153
96470891
7745702
66756
45461
6282767
7153202
377096
512760
82
32
244
6669
86
2428907
1543
9895365901
1799
8
77
91310
4
7308831
574379661
602155812
74
740209
4
95875
31511
76
179
038423
47971364
37
7
673
3
299609975
24935
634774
7345917743
27557
79
1214480
06436959
69038097
64324
7
879147268
7
224211
77229
2811
0076525269
34381453
2030498792
100
33
0618465369
7914
791337
076716
42
82
567
6666748
7816950
123365754
053906
7
2414
990473
6840
811
142146544
468775
725878285
189675514
35259
540741
9124
181332355
17756
098087382
0272927458
15186
6229761605
0640
7751095413
58767990
710219
75
1376477806
818358
23658
96837172
39
52096
63097893
0524193051
833561
721291369
59739368
9375
13345928
17889764
0551967
6
9627625377
3448145
277932072
235833018
834577906
592
4748153408
141512
7669792948
732126
1033
969249525
630894
6532
79652405
234490
57684
5707660989
490
3369
6708342174
436564691
404315729
22974
894
492761
884293816
237248584
78801258
65
66095
6760
3422935
145085
99704857
1069
03
612719
5845
611
8
80683665
4014
36274
79762
5
292
417
883772
3739543
57
1345
4023
3334814
0459
84226
3203183700
168426
4977523081
6
65639
39
3366893139
1
8269194403
705
4
802176150
3269771636
916468
71161
2955344538
50754
6131929012
24430970
6166107
8
4309
6850068454
30140937
17144891
59144322
641316
18516
04
98
9070630
8392955
364
6836132716
7330200812
348861
5319929
1
37
3703385722
7166459
3565
464737
243463787
120563
94475
439613
708
886402278
42148920
49
6376185
770811464
58636326
4907
1896220629
5863872
63668
5602127
25493484
21203
302114844
75
533861
2592468370
871
14660
535993
3662016
3067099
88
7
3390546
8871
9686221
9177889
52154
44593
6
785019
817801593
3819
57
71
310248
252351996
732240
31624296
82450411
938
720699193
3073
2
155038
8204910858
6100747
0646287055
96
5964464
7173811345
228140
5527197397
091690
3
823578
0181631960
39466889
854
8191
5892
4168209
07445
83518
615753
7711254161
301
3
6
4968217
36
433876904
2880318254
68693
579
556918195
938194
3176169136
231
85338
69858227
56419322
8
59268
4
3245484403
848939
33504332
66
39669
101
358
8461959
873459
19514576
56
817312559
3010925
4745
28
529694
6843138844
182044
6512422677
719872
32
677
25379279
50156032
9226527238
459069
7
148
4
85373339
12698537
687055173
01304013
105259031
293
412520978
628
141768965
5
260859975
8357622112
48
2674
8428260
4
27201
177973
34860377
575
5297866588
327209
02
227
89108474
363016011
38190
20
100
03
4
1
284
55
40
487378
2333
2472037
17427
4572647383
3
1795204
888589
17046809
4
73412
9991
055
816415264
2218
999
2613885
2
60742275
0051466
2
1666626918
5836016
6078694
99504865
3090
4434
467157234
8220211747
3
56503413
2600
45
838901007
942828
787900421
00741356
73276
7050
7159
74512
20602494
1886
3361407
4250858
589217153
7755790541
2
803690
471346
2507641509
6574
58461
726045928
819574389
3860
1976254
43198811
64353
97558905
349604
1158
203913494
027139858
573007
09
3
326
25530
2242608
36369
1532
241
844215
68726105
41863568
881379
90
071485825
8
022679
7
33604
335691579
7859004
97581277
6836829
0748342194
86505
087236
09129
8
015
7205
69083473
89652670
18408580
288797378
529000876
4803
868519
56
1248415677
12482749
743
04882450
23347795
6251079009
0013
27
7
434638
289777
07
2644261
25
349087049
8
17479339
204568201
054
6021
70547686
2492962952
63
1097407
8557466
7358036869
12
62137
96902151
04
14789827
460
29
39
01315345
0733947
696
3151
7432
288984920
519052424
636011008
24205
833181927
40
3975464021
75233908
2209
621242745
4607
1
08575496
9039407
7675136
108
8753020
8602828520
6757374
32
1266475606
2136662
9
766
1
533936
58
4486588407
215106877
592068
9761916758
780046136
453653
89645781
290082322
9
0928863644
2827
568810065
58000644
30027260
88617248
664933
0819670360
619
101
654049
2413
9
46
64320
79130466
328997
2606
25
56469
08826770
72497636
99872
4636587319
2
283953894
030514212
700961457
664157
349727
457735345
7872
2935
205135
4272121358
35
2520
488
5
072830
3413181
43657
543104701
1
5
770
584191023
6
4947989891
4553997029
24
2558
536
5
080
168719228
35
303051
42
9
59
1
4738445
173835
41912930
6
6
6
4
3032131
736002
9709
12606525
1999403
6709848
794733345
84072
27
04
13
14
86
51057
2768
9
0596
333262
1
9275757241
890
6
509
92
361115
078053
87
409348
9500838
09184
869574
574029254
85295
5404906693
952529073
1228798
5041569462
9631237
90
88497429
96
01135996
7
4475
33
5457
1879938
37
26113
09
3
91994
5187051
9858
4044185682
83
354
854
839167371
97256
9017
738
9894967834
67844538
95980059
8524874
6557
933910
409056294
6028
711
4968883971
3
1
99
3721
6
6434
363572996
551636985
085137413
5616
4
6
515945
7
5
672235689
23921254
248812
66120
8940518772
1518455579
74937
928613
89
41731
59
10
943711
71337
9217000
06618
99
62779900
342508
4097596510
715
20301801
5235
0723009282
665212
80392
8
5096786047
94307
556507
87
26251677
9034
8000939125
9
3495
5205
64133902
47
12759
4
528687
267405581
59
131088
680
4893181
04
783993
6773
66992170
86
4097
25873507
002446032
5
647146033
5
16
096
0648
10
21005
83737437
8585
625678962
2116714387
86896
11626
15
3
531093
85252644
988
1303376
9843
1806
255194
1758409533
86
0816281956
41147
1867974105
74210421
3822
573964
56865
749
77542069
3
79
5125
6498000
5857
1506958510
3681649
45958
51677
52
187324
443195182
795914
69655310
50559
42621912
1
3
521906477
43
0049401699
48321071
997916600
13129524
9811
2052704876
7878
41909539
8269103
7264489
8944224
7
45408701
2235694699
05918786
019626
14103461
1213
1614276104
7
389381
08
1660562
96339
2
610401806
3382
9453544
267599
9375379205
622524999
2347
416074499
0215942
7391174544
86363
130
98435
815
9477
4245439521
0108695
861
5
500730075
380330984
12596
74
5
6899443
4538951
186
0504873974
98146
1
961531658
763
5279302900
9
809
4997
860574
0584947698
10021133
0197131157
3
4
398554
1183331219
340261
306016012
60
12706
565463
63153
42
86423999
378
0223769250
3419288
22
0649913
461720244
3304
726250913
58
10276165
6811965
44752
213
55151
8720885288
4
6444
138305882
015462147
1237
5
6867662
256162
7
6042412
7410675
2630
42
2247645140
01841716
278116
62
944414
89122947
8124
88
46778
29323
0387
0844
410
574871206
582968816
8968
3
745
609510
02
1
83237
49722102
020
6407
8200414239
193
071
4921431
2
203246114
72163513
8247
57
923260830
6
07
7772826183
4
271
2
939
266014626
35902778
87009010
92
827397696
7
4280349049
48
8498985
6361665823
5
6638222
44169785
5549189
3553532238
52268706
7088
0890
2315193
9
2438444851
74
50740813
13735
6218659
481
8016905
8080
17
53591
1142
79
5567236484
09696
7428243889
062921020
43
7885355
7
5224
8247546033
74
990992
987
22
993733134
27687800
7776
508478899
37786
458384
782445848
097
5
930716801
266293
8629
4519348595
6282826708
08736
84736927
21
8492
736026447
094
2384678
8025
5
0854
988045501
8
9886566316
154568
1760212811
7
891
363501513
707686
335
1
800695107
764280
3465460949
3653044
745487627
9723
38125
311
4300334080
998606686
03707717
051580251
991466
973
9
3
617081503
3105
086
9
41
2211746
12715
5047
657021
37
7311
5
10
6011563733
1792258680
04228
51533212
292133662
4
7951109309
42878
00006388
228
229498
521
948386
623
4
9796
890759711
5274231
9649311
37270
464877821
877
08477
6102
72
59
981
10168500
488157069
01
87
9253866076
723191
1923584
8735829152
38210
946
971145
734179816
21
70
14
13506646
51
08346
490003847
97
2129
69575000
335
233879
5
15996004
10
086428
9521
27485
4584407059
77108228
12
80311
99110
3
80
3874
481563640
9203754364
1571
0184075744
0871060
558856521
7122378428
547339323
3713366
05285
8206249579
2366
2827654
9970762752
1
645065187
4536072
65857816
6269583
5422961540
58
2469494876
47
65522
9759353
99
583871
0388753
367157
552105498
8961432
82
814129827
66445069
79
5592134
8477
969114073
7
8993
2175
30
564946
2
6084
14754993
6
71489397
5226
40
5
799112
1627972979
440
1
054302898
314
54474677
7502301
198632
7580
818
298862
6729511575
8397
190238
29918679
007015
84089767
272
77
867585616
028737
14015379
552475510
58747905
203
502
45890818
5950666
1611455
983005
3
21179
614
67
679
73043
1183275334
172385
112
220854994
6
5
436753110
5632690
4884789
3753399403
122795919
3688032146
28975
73209
700
6726
8
00472
9151801134
7
5275504310
429150
56751
5912176
01088
53406
2046073140
82268
54
19
791755204
508
61
621498
067053
96144524
120013
38
40
4556196396
3757557
274750304
2900
28
424016151
53425
50
87786
745
9912893
053472
2940599
84774
0122599
6163
3
988
457160
04
28495
427383
5177595466
5450
0173
977593044
1253659053
8
1542
45852
556143234
327672969
6544359137
3125926
55890306
205
5873038195
14
133
284
6420379
815363141
3345049896
134
7366395
9146
05438884
5727518
48862
211019
2000
67
3874984
191
529013
81234
341429493
4956100430
2
9459359
046
149134
569921
68
13
070
0317384
94
544
36930
008933006
114744
1974132
1964173997
63775559
4528194640
085
778
86265
149
01489
8532766
87652
7
54145
682418
85
1
14801543
253151238
8185386
1718980
41456
2684
6716
58
01887975
100
494222
50
642
167818
4788
6397815
6810634
334
92
966540520
630752
57
736
44
5623285
50539
3077
13
860930582
227032
665085
8077
53466
1802663860
0767808125
5336
5728086
3
37742
3
1
5692137714
15
1241
81495
36788
215194051
725
791829464
5205586271
078
56500980
186
071277
10922
546052661
0329216
5130701
378703602
450655
02995337
0189
880
182773
1
4999729503
9474046875
71654369
8
891268832
28206427
46786345
52071061
822950108
19407802
9904714157
0638770695
1
11
5806
397142569
128
4
888769618
643
518044807
13174666
147
2542900153
308
3069
40438
547
7
15908033
4
4
644951
88
72
07362691
620986956
73090273
646478
08
24
8489706782
3
695933763
86111
9913
0283036467
963
7
36471274
37
5
01132031
4973
1082052
7720320
7923
5934
5
0446
79
66632212
285945
8604
7193352
46409
37422
1
617
29229976
874
808361
03251387
3920106
5059190158
3788990715
3
984339
486007
88447617
964212983
90
0627
4142697
473054
3
99186326
7483
7015551799
206
2886698504
7804325615
436950504
9388447
20192975
9984
5487
928961048
16297
6756352
65949990
56
6709374
36489139
598855790
2221282
325
5313071036
782360329
5992301297
45828865
31370
655
585
075083689
23481716
43960197
5414578793
51450147
077795
5354324263
64523
183649998
6295388586
6
7756
7492
333314
466133109
14147
58
6
365535528
623
274629311
6705525
02165
636
56738799
518403466
309943
124453
4471849
44835187
3112789
053715930
7627993892
18271
6233
1
2648
0446660547
7543430
21
61102
3796729986
354976
0326713381
1622190884
819058499
58
983303
794
2068
425126
1
545538094
34003031
1583
710817506
5453548
374584892
650768248
4757
165046544
8661
2684
1270688
9344932027
6321019
1871890
75472
692113726
7484
558007
100
893554522
6381949
8448595656
0274
83
500
4
78895
6253231605
561856180
41104
980
9346918
203048
72
640456
504855
789776
5
920
98039749
07542917
752
43828568
5
333
74
5
99122153
70174
5198747150
909060
80834086
047095
92541
951037166
94170
3
181183
7941782
3667426279
0281106351
06300047
99703
034221
9976
746042660
02
189
606
1714921
38
391416
947812546
642
942
97432285
245860239
92
213
826
3
8557261
716432283
308363
23514
651912546
81
693323504
090
625755852
0273922678
503
76533805
6
74180044
6916501699
7561255209
4916
678288545
697306
9
3088824498
63060
7
69249292
0912240
46
07408571
33
703
6081
3880961
946
939
01246964
04051
9798199910
28
5990160
20195790
8886291154
892809595
7168903
0985
366815
5145
83888
91444250
47208257
594665736
94282973
43
1
0290835
7
2368
391182575
3
79840824
6711806852
51197733
54211793
3
2032
37
978993693
6
252
984
43
02248
16276
340
46838
699127
51064
15
4
48658328
3149419
24645455
8530
295
1757
3
9716348
844185089
123838131
90
24294672
48483
0734
5737496925
88
2777141
527273
185
7759
59
19673182
461556774
83221
976379294
68143
6187
11915000
37169526
6388439
354
12
49774
8
148360218
2120
849
9179
11337
464895808
22425728
700791
27506213
8339440
366623973
1948161
151258
591176
83534317
212
311153
9321784831
29
347775511
1356004
9695951225
56
6
64756416
90
15120057
1298
52230945
9450
57
88447
6543796255
0052
5582031267
187813
465
455040669
76878
7361976517
67118
492343
47604
8497677010
8286906
3335
880811
702484763
74
0010959300
08249913
9
39581446
1311
96
5306
560477561
02385
8564131
91189
1635
4020905
5555
77993655
59
646529
50
5933963
5351
28762
7729
8640
43903317
8097
43857438
597878
985
13
57167
504918
923680
40761890
276500
92
3937731
9912362
4155
261
80161
492864
2126702
10917
09033
30467
6
6399647
20151
7754
413
9962
254804922
8
7218
587
12674
65
376
48391148
9034
9493
7322988
5
8566268724
212
59303
88277
78239059
664649
9
5118
004802825
30691030
2785235653
99578866
26
8623
83835
16603
683952615
79210258
9410698
56
184603033
3
1340
2382188
0367233
246622
6
448
36
18987600
05068
3
554
107200
9500
277425399
7189
8
803
718628306
90720
47
803726
2355459980
938405443
687154
23567
7395238608
3768685226
490415909
1810
7413
2717722
956808
22390
481269525
5531295
73450807
74287
04
2016910028
2038188857
71
8992062778
65913512
80
96
512
381457028
6
1110733733
517276561
8208
4481
1092629
91
154159764
1
7
023526
4102728495
16467763
73684335
14376
43580
203476763
438650700
1793
555
461620147
8635
1789
97864118
9
4
222282398
2075846768
7465857
09020
4
1306
4
37712
15155263
72624
257023511
66690999
325907432
09343778
0133879
59582
10
72534452
4301221543
5543
159
3690695
4
765706
5015945464
01383
4
57718673
07692
7962
3409
6204
18581724
2787
647459
96287899
20555
1885018
6093871396
751450742
6
957582
208931339
11
211994
2217955
5883858
1902164423
63
347079717
2
82159
708995
265829
714056
31390109
53040
80434
11992
53193
07604
4581316
287351220
0192046544
16380035
71633
4387166
4401273
50
7081806737
34442845
958951
386688759
46
93756
54
14953
2754042
9
271079209
48
5575
575555895
8681
5
5
365318126
816
98942
4858
87
305
002532
5771966122
5106801103
834
03
3162435
66886423
4
63799591
12283076
76
295
2815
6
9731603080
043191
689615
6317
03347598
98544
4324819
49
64166908
293
05
721404733
7309753857
272017
50
9
8
02
5
93286083
6219088
9133
67552
05936272
03
359
72
8389
6
3435101696
44
7359
53359868
020134
5375677
4323
1960
864
592309
6885302906
298798
1083
59
56572
264811008
455
344
945
3982350
334503929
4767946
7352
901
33108
416218
1099479
25
0504
6
4869143370
4
5
265984039
211265166
560667
5
4
94
4851442
02273
816
08988
6425544873
3
555211667
129
4225432
90460620
898
3410113
41198
6971
94556
020884448
171459
554059
06
31551485
1736
6888
6393
319
9693896
56
3121474
3903
169212
671683249
96
1472650048
85590
548278
921
0214915
982196124
784539
6
434
26
566257332
41706169
94
4
2510446
1
03800216
32723271
340352528
1
94096
820187
728
3
638183065
5852651
6875126292
704397238
9357
956326609
0918
991769152
010969252
4078
6526
0048167401
3258905272
3022392650
5508
050252
32468972
2428
832
8141
458598210
9292
4289421
3439
49
84248
37296582
43
6292846
90956
2001378
60828806
5578871
608
36097476
184
363596
4181770
46020486
5843665397
450
66
690
9825028
1
814
4870501960
475611907
7901894968
4916537345
6387573225
6319438353
5287691
7
906
617
65
02
3409435
3216
4490981
0102
095184325
886065
37648633
159317495
7053
91567127
6112373472
832
118
533
05583364
814897
02851151
3541941
931230
100157003
974134
346567
845295
247
0477
107
2537374572
5825295358
5390
92
1697956
71
4219
394627034
0549035
2
911731552
7706
5399209
4447773745
8639
455
67
6475864
84314386
0303
6662
8349853
5167055
3993454901
13532
7959559
518319996
802585
54
77
23
2579633493
1079526
79857
531284888
3
672
09998
071296
95888
5773
9132
77383
3116137
34
045351614
29571061
4791
276608023
548
354361813
0033
87
270
291266759
7844550
403
541406
192372
575666877
220932363
6919348
3
0025901
250517
6
4908
9289156
35409
5427426010
7290175844
9525
3738469968
8
807687233
616010
034
550
999456
0288
5153384410
6
3
81
84
7252783766
6678
46874
97596235
3553856
26874
13718163
29326
03027
847600770
8
1989
057490275
1509436432
73
8
87
61343743
758093789
27
475
74
123784731
5
5285354
199
31
126274
999
178
30303
4703735644
622938464
9911720646
5850598
45847
5
73603802
7396375
2216
67739
96097
80528878
144
83
8177
061
24388964
615
626190
93
5191
15
81071536
0339531485
599
122446
1369
5870660
7388416173
83405478
0546161831
328
319570544
4602932
28
57
240184
1
2
2233
483183
4927561674
49
2657
74974939
776908174
69756221
53
0798443
37334
321902
0611278708
34451833
3412983817
497798897
9128959849
9869885
1
0932
9584101
912454141
9973653987
88756634
771617
3
3
57730068
9973747
1
290
247
221332
730158083
329552
64702587
7271722307
84
8504253296
7
7328
59460
96
7570852
9733
1881
8607380
1806
5
8955547505
5299959694
2655
72135
53
9153
153154820
02518
765684526
95700745
225
1398
1075819
53525467
72775969
135148734
434967
5
55631571
91990
3099104583
273
63
462823
18
4632171
3
8040
15
58
43
58506
89368
8
5304073
915647
408
2624079
7
8493
0718277320
113465643
0071
77686
41
9948171180
863457
774
5999
16105059
0450165213
792218
4221562120
36916229
107852
4736183
01
374
4
11832357
9
7762
580421548
4989112
99
374077927
63
9645360
0105254268
02
0891099739
6359
089
59495
033
14723
9
1443494
11298
5870189
661
3501615
509530
6150562
7
9069747
151734
034
9476
033714994
72995434
1341927
52463532
6
6082679404
55
0649
771774570
0585600207
65269
18043
792639495
6160965
6
081
16716
18363
845711911
637415
2
648
2
2626923463
0705634652
41989531
07225750
77361
03632859
921879
472931
490046042
569017
87
039062444
4488560292
59928643
93
9
08793173
07199
8436626095
6356828
2408748
4101258737
676
6353
687828594
19622294
5903468070
852
054402
1632290481
826
4586142
1839141
6621
9529
972042547
957852798
5175
7853746344
716
1842652
2687
3
2965508
079357734
16607353
56649
4978085413
732
65743
76102372
2
5935798233
3554010742
4074
749086
5871342
797
11714
3277091
479897655
1627
03511
0698240
4920964
4493782348
36
2469971
115019
273
6469869
4877
9353
37707682
12112
055898
727451
5420152178
2410455551
1
99
6
09813939
058
95
2038
65843031
612
9
9107704
632
58346
30
9554843
0687
53057
8552770084
34
7257633
346610
789709
87
88
0918793832
947979
82582
5224
364092327
88228893
3185196645
2468010174
44740
9874
535983387
436335927
9747
1827
2432044
4846071558
018816181
118692
54
9280903617
74055
844614663
1944553019
3
917131231
657586254
636
9913155
363770
33232639
7
817
6070765
172
6856384
34917
72
1566435
23454
2379684
3045
3352064
2
625087
076869
2889729114
3
80635402
058
103
8310106
3792194381
01
932982
886
5
8436
2944966869
2984
2889429386
35475715
388978238
40
480
667
61920
991
7
5
89
7089498675
48675401
6879
5
1
243
60
6561
44048917
1856626
360318
39
19
8796
36038
0532830
41
46525583
7141
293428516
31
2506952919
722627466
54698
53029967
8879
546761773
6
4644
4819
21463806
89
666
968105
773
438647
75511194
985633
4285433729
753
9085
56962901
5229
9
94838
87400
38322
46433
686814356
6974404
2536446
5
8061900
5336961838
1752616
4216652
902296
8278045
63461
255910
77
83022
632107152
7784
5
48
96
304231
36762
324059060
6
8
3889779
89164044
308872984
3400986503
126557
5866762
5373970350
46
054508
90885326
8
5071945
7905
957824523
90707
019767013
0111
315772092
5453613
593
921239817
074
8085333679
1997652483
31
86
850
7201909
13
53556532
0997
0624340460
73162971
1365
1
525271
25899299
84981504
655233
5400
65790
537
8281084637
4004789
3347
01811
783
4771
318
588
9401241596
4961405
3300
5011
692186949
383550
4052
2714
5414358
387902
599325226
301
0202
84169
723174
66792
2
26294
737860714
596
43
9281990837
1
5
8250
2
488370
08
