1000
1399532
9860
2098183408
002090
44
3
6926294
8
95602088
943
9132785
8733879249
723734251
8852538
1667907756
6
606313
7448500
1
14104
780441
364634372
589
3902389371
76123334
500342616
9
23
1055
351
7793031
834486
557
94866516
245
70070437
7839
7166126
88284278
1
8595461161
70275261
6263
6398156
3521
82529
50380
96536
287427836
8777316
10915470
9
17041
119
912600
0775
8495648
44972226
332
44282840
42
3435895680
767340
2938486768
426073
1567
05408
7164466760
306103800
57
4068606
82
55858
67337
432735
545
48441
69596607
385433
326050514
67
0862124
4
1085025
9987837163
26869
780539749
159695
247451
117596
31
0109743
128814
994331348
49
1
9330128187
5995710731
44243121
59962220
40656
07900191
4734822175
051132
1019375
5841128076
1
69601007
174097660
8
9380
27893
9324878
729408562
38200652
9280374319
770179956
7444456
294
020
8219
5082
141350449
016386
7876616034
547
86
37
371
68734048
436800
7846053
401099
24
44091735
2177650
1520709
6093
601334852
341
1
09
23959543
2
9617060823
3766139
59374491
69734
1412744421
137632
10746500
4
9646413914
0959627
98805639
057966599
0414789315
574119
47789670
1617830414
4340131017
2237299
3107
828539346
097197572
686
6479
88668
0682844
55439259
1105
1833182656
664
15348915
863386000
170123
491036
1762172
43
7
4547443
530198
68994767
925912
38815
849
23420029
498736681
218278
7880532
1297311
094257938
155992
493
112733052
34992234
8770
915133502
1743548762
854495804
04656
83
18150
4023888179
2964536
9
1669741581
82
8
9119
723372968
830304761
170
44849958
8212
4638756
8819377
23
8502
22017
96401
232
4017858254
98984972
5268723343
306542621
820765
07576989
5
0731837
7
16283439
3657294109
98
252
9
82
4529
341
947958188
486881125
100
569
677
398843
79890
4327908632
8722489367
786234484
066
076127865
2566794406
8
55619
8350843
507
55
1
7703911
463
106597
58874500
7625948
643091729
6
777
6187751351
142638
855338
4302869
15
3130384
6169262970
045
60260
4472586
85284084
20822578
96848521
8
69450
40
38547329
5744613
37
112869
322107258
5351277
76
5852301
786094228
0288708374
681
25523
7126
005880
69
0891795
7098684395
7404
227
1
554716
870
2
5909175727
1806479620
491
691
6
45384
65494
76579557
0636844130
1397
6078
7087835
86294
452419246
679707233
85625758
346565
808351
26837504
3345714681
9452303
1
67
96
7857214
96
0085
009
63712697
4595796
85475
50
5
73825895
507990643
9285583329
431015409
49412463
30924
4
67653935
023930
3
06365839
83
720
8718352803
16701855
86278608
9427
842
370493232
07
084310
437009245
0398310682
26123
151323
00484
6133
3042571
497
7
418083
09290
58
618263
1
5394635
54017059
1219388
4702682318
122533
7917947590
059936
10685265
6
486488096
9779135
6712
9196
3249524136
4041
615
605825464
596046152
687779556
1596607430
23
046890
56239
014163488
4800
694294
9890
9312047359
379637
79522324
540559
2992
7408425465
344503
8904
141200
860156
6320836
16
919503299
2463
543691387
1365
4
9651385215
97
4
47
1600465501
240595
54
930523443
321126
24643
94131166
6558579684
17149448
212310912
1
94167
87803904
2542
8970025242
1631
107737335
6
4965
07101
15
8
47306
9425
0907
44127
0581419178
9874425123
97339372
76850
2503232
7
25
962464099
03503
312724698
8
6961
132
396
79772476
65346
42034329
625614
6903361
249
3812516
0936759
820
36
63
98781021
273
5281
24
0618623
2
020327254
24642066
6
3
086607
958
85
22
892
350782
998
8257
5867
723315840
05805210
45
5637293
8791
193642877
17087
53236430
838786194
83661
00351
020607
4
3825740
768
65766536
97370
93
883
049006743
12
3823
7960500
768
51
042
207286509
546752101
34090076
593
7001653
66539
723
35
0156176
8
420602
06741
5601777
0849206377
26401
9852456071
3696
60047130
178
2703397568
7084074
13054
162
97589112
6
4
3612748
673023010
994088
912340147
41968
0471
04
82504215
2731043
10407249
51458518
187
1494
9880
9550728760
69
1766945514
224994
18149443
51
9693
321
105
776132
2005714381
346
654870439
56289558
9967
9135810634
57072
95557063
28
785
517162
82
60
84632687
611
747
136
554280
9
372
2
359073
69
89
2990
29828
885060
771444134
07359588
69076122
67561705
888171
440
2326
53209
225
81
4384739
7
6291
181
2
5827235455
9336121
123667934
604845815
39
985
5
06059430
292765
9445
118514
1687
5
68328104
5155
58137833
251978370
078
6
4895467
97024465
0100989
3211134
15
256561
621173240
33687958
405
970485
50743
2088629723
15
3
9309
22260277
3311140
168840
926404
87006940
4
85995575
245
33
8837279846
726
371430955
25524973
552
7
81521861
331165
96702062
642990577
8453532156
0258893148
9605935
5545419300
0701
679184
896515129
7
2
4294
82857682
07069871
6805
107611947
282263
8277846
60365565
8869
2
30226242
6
908530145
8
03772901
668845
627377
37838608
1
50974
59208
57299425
234233230
1392
6499440
8012767
37
94868065
83
6224748728
03243984
91263
8367
27
6410744
69
996324
125697781
939138459
96593
32
73
15029
13
6471
05
926350
00784
61177
9
88221120
10718276
8271052
2
4578882
422027
41659009
39174
6971
5376
7695
1
18561222
33030788
43852
71194
8
243430
60455797
756
2297404512
35
290883796
6143104
9351931133
0712
34
29
03455669
1004305
8449146
8135013286
5
02808745
5013
66916432
152434
476
2328436
7242
645883
9057
1426157784
2543679
599525747
2
48245
322
6718297505
5
31485490
7
48238115
1925679
225048
98946214
3893893
2
182023
781
0232344207
8933565
92427
26480528
24
7371
713926748
202
76
79
2
20
3
0192679944
23
16
34448078
74311
63712
6226
2796
8325837487
149280
355
246400626
1247668365
2341214694
1565
897430
1685
745632
616
049631397
5088894
01
9
2
9650404
49700
994
5425
000144
36
545420110
268298
4931296117
1579757323
0068395894
06503810
5
59474393
54895
889976377
050501
680730159
366081388
7980
75
95
8403647
6
95654
832
7
5397899
2512170463
70108737
6158
8
51
979459
49118
6
464446553
518
44
03643211
41452
740873099
45
98823301
66311
71278
145461041
37973419
85123312
2742752
2
84
8622198
1108664
801315
570
642373905
5604
529217
661
9058111850
465078554
972118285
3760
08719
9851
745713771
47
990
52
6067944
1080348046
843802
35
0476758
267328575
4164620868
1193
0542449
6853486774
6
9429458524
6819961
9304688949
604902
1352697580
4833271
1356735426
578
3571529880
199581442
35761340
55564
462299722
403068
29701
077
225
21388398
46194
25604224
2066461
0904727656
3
82
40
037171
8001
180243116
428
692
975302
705
37260
8689
780181412
3
154
689379
4298646
2
81
102
604156274
1938
024449
8975548
22550895
535686910
9358672
52
99408
1574828
8784714525
71997906
6632726
3328898
2
9999399270
79
5
90525
63317735
84
81
892963627
3
849333758
26
600
720075
656
591
0667
541700
7354324
532
21278681
81
9474662
10369798
37
7610863540
395
69158
766
371534361
722
58787
13921
910342
29
87
54196
33066534
010688551
3510090952
206744
241
66104
852999457
0921290486
